dataset,desired_class,overall_seed,fold_idx,test_sample_idx,rep_idx,x,pred_class_x,true_class_x,z,pred_class_z,check_plausibility,opt_C_robust,opt_K_robust,run_time,blackbox_test_acc,blackbox,gower_dist,loss,sparsity
compas,0,42,3,3,0,"[34, 1, 0, 21, 0, 0, 1, 0, 1, 33]",1,1,"[59.809241334043804, 1.0, 0.0, 5.428906087742721, 0.0, 0.0, 1.0, 0.0, 1.0, 33.0]",0,True,False,16,79.836,0.7725,rf,0.04704577846596924,0.12352288923298463,0.8
compas,0,42,3,3,1,"[34, 1, 0, 21, 0, 0, 1, 0, 1, 33]",1,1,"[59.85684121713044, 1.0, 0.0, 4.456144015618954, 0.0, 0.0, 1.0, 0.0, 1.0, 33.0]",0,True,False,16,79.835,0.7725,rf,0.04807658917600354,0.12403829458800178,0.8
compas,0,42,3,3,2,"[34, 1, 0, 21, 0, 0, 1, 0, 1, 33]",1,1,"[53.54783091516114, 1.0, 0.0, 1.3946336002002402, 0.0, 0.0, 1.0, 0.0, 1.0, 33.0]",0,True,False,16,79.687,0.7725,rf,0.04344418458902066,0.12172209229451034,0.8
compas,0,42,3,3,3,"[34, 1, 0, 21, 0, 0, 1, 0, 1, 33]",1,1,"[54.19291299510475, 1.0, 0.0, 1.4228453046251366, 0.0, 0.0, 1.0, 0.0, 1.0, 33.0]",0,True,False,16,79.867,0.7725,rf,0.044202658347941626,0.12210132917397082,0.8
compas,0,42,3,3,4,"[34, 1, 0, 21, 0, 0, 1, 0, 1, 33]",1,1,"[59.908303422936356, 1.0, 0.0, 4.087579911681857, 0.0, 0.0, 1.0, 0.0, 1.0, 33.0]",0,True,False,16,81.626,0.7725,rf,0.04850791206750882,0.12425395603375441,0.8
compas,0,42,3,6,0,"[35, 1, 0, 13, 1, 0, 1, 1, 1, 0]",1,1,"[49.51724023963193, 1.0, 0.0, 5.817913011702904, 1.0, 0.0, 1.0, 1.0, 1.0, 0.0]",0,True,False,16,80.287,0.7725,rf,0.024886038500043353,0.11244301925002168,0.8
compas,0,42,3,6,1,"[35, 1, 0, 13, 1, 0, 1, 1, 1, 0]",1,1,"[45.28594281109455, 1.0, 0.0, 4.053262239264948, 1.0, 0.0, 1.0, 1.0, 1.0, 0.0]",0,True,False,16,80.513,0.7725,rf,0.021490570457191823,0.11074528522859592,0.8
compas,0,42,3,6,2,"[35, 1, 0, 13, 1, 0, 1, 1, 1, 0]",1,1,"[47.396463917296, 1.0, 0.0, 4.686832194575649, 1.0, 0.0, 1.0, 1.0, 1.0, 0.0]",0,True,False,16,81.041,0.7725,rf,0.023430806728956064,0.11171540336447804,0.8
compas,0,42,3,6,3,"[35, 1, 0, 13, 1, 0, 1, 1, 1, 0]",1,1,"[53.28790875667422, 1.0, 0.0, 6.020890447965954, 1.0, 0.0, 1.0, 1.0, 1.0, 0.0]",0,True,False,16,80.125,0.7725,rf,0.029281437304075775,0.1146407186520379,0.8
compas,0,42,3,6,4,"[35, 1, 0, 13, 1, 0, 1, 1, 1, 0]",1,1,"[49.03720875255219, 1.0, 0.0, 6.078912151450219, 1.0, 0.0, 1.0, 1.0, 1.0, 0.0]",0,True,False,16,81.389,0.7725,rf,0.02403963510775977,0.1120198175538799,0.8
compas,0,42,3,7,0,"[34, 1, 0, 4, 59, 1, 1, 0, 1, 51]",1,0,"[34.0, 1.0, 0.0, 1.4935818417600917, 59.0, 1.0, 1.0, 0.0, 0.0, 51.0]",0,True,False,16,76.21,0.7725,rf,0.10250641815823991,0.15125320907911996,0.8
compas,0,42,3,7,1,"[34, 1, 0, 4, 59, 1, 1, 0, 1, 51]",1,0,"[34.0, 1.0, 0.0, 1.0052450032827092, 59.0, 1.0, 1.0, 0.0, 0.0, 51.0]",0,True,False,16,76.396,0.7725,rf,0.10299475499671729,0.15149737749835865,0.8
compas,0,42,3,7,2,"[34, 1, 0, 4, 59, 1, 1, 0, 1, 51]",1,0,"[34.0, 1.0, 0.0, 1.4619627599108425, 59.0, 1.0, 1.0, 0.0, 0.0, 51.0]",0,True,False,16,76.462,0.7725,rf,0.10253803724008917,0.1512690186200446,0.8
compas,0,42,3,7,3,"[34, 1, 0, 4, 59, 1, 1, 0, 1, 51]",1,0,"[34.0, 1.0, 0.0, 1.1378621161462292, 59.0, 1.0, 1.0, 0.0, 0.0, 51.0]",0,True,False,16,76.337,0.7725,rf,0.10286213788385377,0.1514310689419269,0.8
compas,0,42,3,7,4,"[34, 1, 0, 4, 59, 1, 1, 0, 1, 51]",1,0,"[34.0, 1.0, 0.0, 1.4943744817248306, 59.0, 1.0, 1.0, 0.0, 0.0, 51.0]",0,True,False,16,77.243,0.7725,rf,0.10250562551827519,0.1512528127591376,0.8
compas,0,42,3,10,0,"[63, 1, 0, 10, 38, 1, 1, 0, 1, 35]",1,1,"[63.0, 1.0, 0.0, 1.4618701125775653, 38.0, 1.0, 1.0, 0.0, 0.0, 35.0]",0,True,False,16,75.136,0.7725,rf,0.10853812988742245,0.15426906494371123,0.8
compas,0,42,3,10,1,"[63, 1, 0, 10, 38, 1, 1, 0, 1, 35]",1,1,"[63.0, 1.0, 0.0, 3.1010559692159045, 38.0, 0.0, 1.0, 0.0, 1.0, 35.0]",0,True,False,16,78.33,0.7725,rf,0.10689894403078411,0.15344947201539205,0.8
compas,0,42,3,10,2,"[63, 1, 0, 10, 38, 1, 1, 0, 1, 35]",1,1,"[63.0, 1.0, 0.0, 1.3338008477302017, 38.0, 1.0, 1.0, 0.0, 0.0, 35.0]",0,True,False,16,75.025,0.7725,rf,0.10866619915226981,0.15433309957613492,0.8
compas,0,42,3,10,3,"[63, 1, 0, 10, 38, 1, 1, 0, 1, 35]",1,1,"[63.0, 1.0, 0.0, 1.4375375921283018, 38.0, 1.0, 1.0, 0.0, 0.0, 35.0]",0,True,False,16,74.919,0.7725,rf,0.10856246240787171,0.15428123120393586,0.8
compas,0,42,3,10,4,"[63, 1, 0, 10, 38, 1, 1, 0, 1, 35]",1,1,"[63.0, 1.0, 0.0, 0.6194621978342224, 38.0, 1.0, 1.0, 0.0, 0.0, 35.0]",0,True,False,16,77.07,0.7725,rf,0.10938053780216578,0.1546902689010829,0.8
compas,0,42,3,11,0,"[29, 1, 0, 4, 1, 0, 1, 0, 1, 18]",1,1,"[59.9492418695743, 1.0, 0.0, 1.1835221109403133, 1.0, 0.0, 1.0, 0.0, 1.0, 18.0]",0,True,False,16,82.269,0.7725,rf,0.04055945577878445,0.12027972788939223,0.8
compas,0,42,3,11,1,"[29, 1, 0, 4, 1, 0, 1, 0, 1, 18]",1,1,"[58.736029794121116, 1.0, 0.0, 2.863479849209644, 1.0, 0.0, 1.0, 0.0, 1.0, 18.0]",0,True,False,16,82.376,0.7725,rf,0.03739997111923074,0.11869998555961538,0.8
compas,0,42,3,11,2,"[29, 1, 0, 4, 1, 0, 1, 0, 1, 18]",1,1,"[56.63359280187917, 1.0, 0.0, 0.0, 1.0, 0.0, 1.0, 0.0, 1.0, 18.0]",0,True,False,16,82.631,0.7725,rf,0.037699503416925816,0.11884975170846292,0.8
compas,0,42,3,11,3,"[29, 1, 0, 4, 1, 0, 1, 0, 1, 18]",1,1,"[56.73751861270113, 1.0, 0.0, 1.1040042872262816, 1.0, 0.0, 1.0, 0.0, 1.0, 18.0]",0,True,False,16,83.273,0.7725,rf,0.03672223792338485,0.11836111896169244,0.8
compas,0,42,3,11,4,"[29, 1, 0, 4, 1, 0, 1, 0, 1, 18]",1,1,"[56.757473592934346, 1.0, 0.0, 0.0, 1.0, 0.0, 1.0, 0.0, 1.0, 18.0]",0,True,False,16,84.466,0.7725,rf,0.03785057755235896,0.11892528877617949,0.8
compas,0,42,3,13,0,"[27, 1, 0, 6, 0, 0, 1, 0, 1, 30]",1,0,"[61.569117748811976, 1.0, 0.0, 6.0, 0.0, 0.0, 1.0, 0.0, 1.0, 30.0]",0,True,False,16,80.22,0.7725,rf,0.0421574606692829,0.07107873033464146,0.9
compas,0,42,3,13,1,"[27, 1, 0, 6, 0, 0, 1, 0, 1, 30]",1,0,"[59.21520777729021, 1.0, 0.0, 6.0, 0.0, 0.0, 1.0, 0.0, 0.0, 30.0]",0,True,False,16,79.331,0.7725,rf,0.13928683875279294,0.1696434193763965,0.8
compas,0,42,3,13,2,"[27, 1, 0, 6, 0, 0, 1, 0, 1, 30]",1,0,"[80.00776398817578, 1.0, 0.0, 6.0, 0.0, 0.0, 1.0, 0.0, 1.0, 53.87920769956097]",0,True,False,16,79.792,0.7725,rf,0.06663354859468998,0.133316774297345,0.8
compas,0,42,3,13,3,"[27, 1, 0, 6, 0, 0, 1, 0, 1, 30]",1,0,"[60.031962095226746, 1.0, 0.0, 6.0, 0.0, 0.0, 1.0, 0.0, 1.0, 30.0]",0,True,False,16,80.189,0.7725,rf,0.04028288060393506,0.07014144030196753,0.9
compas,0,42,3,13,4,"[27, 1, 0, 6, 0, 0, 1, 0, 1, 30]",1,0,"[59.19017321142169, 1.0, 0.0, 6.0, 0.0, 0.0, 1.0, 0.0, 0.0, 30.0]",0,True,False,16,80.216,0.7725,rf,0.1392563087944167,0.16962815439720835,0.8
compas,0,42,3,16,0,"[22, 1, 0, 2, 0, 0, 1, 0, 1, 30]",1,1,"[53.759179327989855, 1.0, 0.0, 2.0, 0.0, 0.0, 1.0, 0.0, 1.0, 37.250898839922854]",0,True,False,16,83.22,0.7725,rf,0.039334948067542175,0.11966747403377109,0.8
compas,0,42,3,16,1,"[22, 1, 0, 2, 0, 0, 1, 0, 1, 30]",1,1,"[56.21644653021153, 1.0, 0.0, 2.0, 0.0, 0.0, 1.0, 0.0, 1.0, 66.68893223499224]",0,True,False,16,82.841,0.7725,rf,0.04478478483691382,0.12239239241845691,0.8
compas,0,42,3,16,2,"[22, 1, 0, 2, 0, 0, 1, 0, 1, 30]",1,1,"[50.941921702234936, 1.0, 0.0, 2.0, 0.0, 0.0, 1.0, 0.0, 1.0, 41.199325544635755]",0,True,False,16,83.359,0.7725,rf,0.03622830359485981,0.11811415179742991,0.8
compas,0,42,3,16,3,"[22, 1, 0, 2, 0, 0, 1, 0, 1, 30]",1,1,"[60.10521813005399, 1.0, 0.0, 2.0, 0.0, 0.0, 1.0, 0.0, 1.0, 30.0]",0,True,False,16,82.676,0.7725,rf,0.04646977820738292,0.07323488910369147,0.9
compas,0,42,3,16,4,"[22, 1, 0, 2, 0, 0, 1, 0, 1, 30]",1,1,"[62.39801587986642, 1.0, 0.0, 2.0, 0.0, 0.0, 1.0, 0.0, 1.0, 30.0]",0,True,False,16,83.791,0.7725,rf,0.049265873024227344,0.07463293651211367,0.9
compas,0,42,3,17,0,"[26, 1, 2, 7, 0, 0, 1, 0, 1, 0]",1,1,"[60.04975056153175, 1.0, 2.0, 7.0, 0.0, 0.0, 1.0, 0.0, 1.0, 0.0]",0,True,False,16,81.015,0.7725,rf,0.04152408605064848,0.07076204302532424,0.9
compas,0,42,3,17,1,"[26, 1, 2, 7, 0, 0, 1, 0, 1, 0]",1,1,"[62.309179172543864, 1.0, 2.0, 7.0, 0.0, 0.0, 1.0, 0.0, 1.0, 0.0]",0,True,False,16,81.0,0.7725,rf,0.0442794867957852,0.0721397433978926,0.9
compas,0,42,3,17,2,"[26, 1, 2, 7, 0, 0, 1, 0, 1, 0]",1,1,"[57.6116591767511, 1.0, 2.0, 7.0, 0.0, 0.0, 1.0, 0.0, 1.0, 0.0]",0,True,False,16,81.132,0.7725,rf,0.03855080387408671,0.06927540193704336,0.9
compas,0,42,3,17,3,"[26, 1, 2, 7, 0, 0, 1, 0, 1, 0]",1,1,"[63.268466083435584, 1.0, 2.0, 7.0, 0.0, 0.0, 1.0, 0.0, 1.0, 0.0]",0,True,False,16,81.12,0.7725,rf,0.04544934888223852,0.07272467444111927,0.9
compas,0,42,3,17,4,"[26, 1, 2, 7, 0, 0, 1, 0, 1, 0]",1,1,"[62.53614988552664, 1.0, 2.0, 7.0, 0.0, 0.0, 1.0, 0.0, 1.0, 0.0]",0,True,False,16,82.166,0.7725,rf,0.04455628034820322,0.07227814017410161,0.9
compas,0,42,3,22,0,"[33, 1, 0, 28, 1, 0, 1, 0, 1, 1]",1,1,"[56.679324699408184, 1.0, 0.0, 1.229310476335882, 1.0, 0.0, 1.0, 0.0, 1.0, 1.0]",0,True,False,16,83.006,0.7725,rf,0.05564791476684483,0.12782395738342242,0.8
compas,0,42,3,22,1,"[33, 1, 0, 28, 1, 0, 1, 0, 1, 1]",1,1,"[59.6979003851412, 1.0, 0.0, 4.255045214687758, 1.0, 0.0, 1.0, 0.0, 1.0, 1.0]",0,True,False,16,83.236,0.7725,rf,0.056303369889142973,0.1281516849445715,0.8
compas,0,42,3,22,2,"[33, 1, 0, 28, 1, 0, 1, 0, 1, 1]",1,1,"[53.74502197530212, 1.0, 0.0, 3.237371923931848, 1.0, 0.0, 1.0, 0.0, 1.0, 1.0]",0,True,False,16,82.886,0.7725,rf,0.05006143536302197,0.125030717681511,0.8
compas,0,42,3,22,3,"[33, 1, 0, 28, 1, 0, 1, 0, 1, 1]",1,1,"[56.631063330964984, 1.0, 0.0, 1.845995593655572, 1.0, 0.0, 1.0, 0.0, 1.0, 1.0]",0,True,False,16,83.16,0.7725,rf,0.05497237432215538,0.1274861871610777,0.8
compas,0,42,3,22,4,"[33, 1, 0, 28, 1, 0, 1, 0, 1, 1]",1,1,"[60.640654348120876, 1.0, 0.0, 5.2107693391261005, 1.0, 0.0, 1.0, 0.0, 1.0, 1.0]",0,True,False,16,83.681,0.7725,rf,0.05649734571955789,0.12824867285977895,0.8
compas,0,42,3,26,0,"[32, 1, 0, 11, 2, 0, 1, 1, 1, 1]",1,0,"[49.531501469383244, 1.0, 0.0, 4.339048346284582, 2.0, 0.0, 1.0, 1.0, 1.0, 1.0]",0,True,False,16,80.124,0.7725,rf,0.02804083149442669,0.11402041574721335,0.8
compas,0,42,3,26,1,"[32, 1, 0, 11, 2, 0, 1, 1, 1, 1]",1,0,"[48.80624033165903, 1.0, 0.0, 5.874714971906355, 2.0, 0.0, 1.0, 1.0, 1.0, 1.0]",0,True,False,16,80.33,0.7725,rf,0.025620700066702223,0.11281035003335112,0.8
compas,0,42,3,26,2,"[32, 1, 0, 11, 2, 0, 1, 1, 1, 1]",1,0,"[50.908703876633254, 1.0, 0.0, 5.422892256457349, 2.0, 0.0, 1.0, 1.0, 1.0, 1.0]",0,True,False,16,80.172,0.7725,rf,0.02863650271504662,0.11431825135752331,0.8
compas,0,42,3,26,3,"[32, 1, 0, 11, 2, 0, 1, 1, 1, 1]",1,0,"[52.448357372213025, 1.0, 0.0, 6.239794136439417, 2.0, 0.0, 1.0, 1.0, 1.0, 1.0]",0,True,False,16,79.898,0.7725,rf,0.029697227049186228,0.11484861352459312,0.8
compas,0,42,3,26,4,"[32, 1, 0, 11, 2, 0, 1, 1, 1, 1]",1,0,"[54.490256841479365, 1.0, 0.0, 6.461111636965821, 2.0, 0.0, 1.0, 1.0, 1.0, 1.0]",0,True,False,16,81.803,0.7725,rf,0.03196603085264316,0.11598301542632158,0.8
compas,0,42,3,33,0,"[22, 1, 0, 1, 0, 0, 1, 0, 1, 0]",1,0,"[53.63824107199941, 1.0, 0.0, 1.0, 0.0, 0.0, 1.0, 0.0, 1.0, 6.1004669327993195]",0,True,False,16,84.642,0.7725,rf,0.039091593063911426,0.11954579653195571,0.8
compas,0,42,3,33,1,"[22, 1, 0, 1, 0, 0, 1, 0, 1, 0]",1,0,"[54.39558257156371, 1.0, 0.0, 1.0, 0.0, 0.0, 1.0, 0.0, 1.0, 4.342434873167578]",0,True,False,16,84.744,0.7725,rf,0.039868677586866054,0.11993433879343303,0.8
compas,0,42,3,33,2,"[22, 1, 0, 1, 0, 0, 1, 0, 1, 0]",1,0,"[58.51843913736677, 1.0, 0.0, 1.0, 0.0, 0.0, 1.0, 0.0, 1.0, 0.30107461200578056]",0,True,False,16,84.519,0.7725,rf,0.044559771425838,0.122279885712919,0.8
compas,0,42,3,33,3,"[22, 1, 0, 1, 0, 0, 1, 0, 1, 0]",1,0,"[56.259280592753875, 1.0, 0.0, 1.0, 0.0, 0.0, 1.0, 0.0, 1.0, 40.08379846275012]",0,True,False,16,85.611,0.7725,rf,0.04511992701753065,0.12255996350876533,0.8
compas,0,42,3,33,4,"[22, 1, 0, 1, 0, 0, 1, 0, 1, 0]",1,0,"[56.21223514572402, 1.0, 0.0, 1.0, 0.0, 0.0, 1.0, 0.0, 1.0, 10.400181650352447]",0,True,False,16,84.678,0.7725,rf,0.042588919786786306,0.12129445989339316,0.8
compas,0,42,3,34,0,"[47, 1, 0, 23, 1, 1, 1, 0, 1, 0]",1,1,"[47.0, 1.0, 0.0, 5.8767905632414905, 1.0, 1.0, 1.0, 0.0, 0.0, 0.0]",0,True,False,16,81.142,0.7725,rf,0.11712320943675852,0.15856160471837927,0.8
compas,0,42,3,34,1,"[47, 1, 0, 23, 1, 1, 1, 0, 1, 0]",1,1,"[47.0, 1.0, 0.0, 6.0035487801830545, 1.0, 1.0, 1.0, 0.0, 0.0, 0.0]",0,True,False,16,82.16,0.7725,rf,0.11699645121981694,0.15849822560990848,0.8
compas,0,42,3,34,2,"[47, 1, 0, 23, 1, 1, 1, 0, 1, 0]",1,1,"[47.0, 1.0, 0.0, 5.6085462360199125, 1.0, 1.0, 1.0, 0.0, 0.0, 0.0]",0,True,False,16,81.693,0.7725,rf,0.11739145376398008,0.15869572688199005,0.8
compas,0,42,3,34,3,"[47, 1, 0, 23, 1, 1, 1, 0, 1, 0]",1,1,"[47.0, 1.0, 0.0, 6.319929977935618, 1.0, 1.0, 1.0, 0.0, 0.0, 0.0]",0,True,False,16,81.254,0.7725,rf,0.11668007002206437,0.1583400350110322,0.8
compas,0,42,3,34,4,"[47, 1, 0, 23, 1, 1, 1, 0, 1, 0]",1,1,"[47.0, 1.0, 0.0, 6.273085308374124, 1.0, 1.0, 1.0, 0.0, 0.0, 0.0]",0,True,False,16,83.272,0.7725,rf,0.11672691469162588,0.15836345734581295,0.8
compas,0,42,3,35,0,"[45, 1, 2, 8, 0, 1, 1, 0, 1, 71]",1,0,"[81.80396788256833, 1.0, 2.0, 8.0, 0.0, 1.0, 1.0, 0.0, 1.0, 71.0]",0,True,False,16,78.063,0.7725,rf,0.0448828876616687,0.07244144383083435,0.9
compas,0,42,3,35,1,"[45, 1, 2, 8, 0, 1, 1, 0, 1, 71]",1,0,"[86.9603703604455, 1.0, 2.0, 8.0, 0.0, 1.0, 1.0, 0.0, 1.0, 71.0]",0,True,False,16,78.357,0.7725,rf,0.05117118336639695,0.07558559168319848,0.9
compas,0,42,3,35,2,"[45, 1, 2, 8, 0, 1, 1, 0, 1, 71]",1,0,"[96.29283740376431, 1.0, 2.0, 8.0, 0.0, 1.0, 1.0, 0.0, 1.0, 71.0]",0,True,False,16,78.279,0.7725,rf,0.06255224073629793,0.08127612036814896,0.9
compas,0,42,3,35,3,"[45, 1, 2, 8, 0, 1, 1, 0, 1, 71]",1,0,"[76.12439485395404, 1.0, 2.0, 8.0, 0.0, 1.0, 1.0, 0.0, 1.0, 71.0]",0,True,False,16,77.979,0.7725,rf,0.03795657909018786,0.06897828954509394,0.9
compas,0,42,3,35,4,"[45, 1, 2, 8, 0, 1, 1, 0, 1, 71]",1,0,"[78.60561027410768, 1.0, 2.0, 8.0, 0.0, 1.0, 1.0, 0.0, 1.0, 71.0]",0,True,False,16,79.244,0.7725,rf,0.04098245155378985,0.07049122577689493,0.9
compas,0,42,3,36,0,"[35, 0, 0, 23, 1, 0, 1, 0, 1, 2]",1,1,"[59.1949487193906, 0.0, 0.0, 0.8883208118404456, 1.0, 0.0, 1.0, 0.0, 1.0, 2.0]",0,True,False,16,78.553,0.7725,rf,0.05161771421180664,0.12580885710590334,0.8
compas,0,42,3,36,1,"[35, 0, 0, 23, 1, 0, 1, 0, 1, 2]",1,1,"[58.911253511809264, 0.0, 0.0, 1.4052332978911701, 1.0, 0.0, 1.0, 0.0, 1.0, 2.0]",0,True,False,16,78.429,0.7725,rf,0.05075483196041282,0.1253774159802064,0.8
compas,0,42,3,36,2,"[35, 0, 0, 23, 1, 0, 1, 0, 1, 2]",1,1,"[59.41436310204371, 0.0, 0.0, 1.45286152759643, 1.0, 0.0, 1.0, 0.0, 1.0, 2.0]",0,True,False,16,78.517,0.7725,rf,0.051320752011481265,0.12566037600574065,0.8
compas,0,42,3,36,3,"[35, 0, 0, 23, 1, 0, 1, 0, 1, 2]",1,1,"[59.199205240368975, 0.0, 0.0, 1.29418726991454, 1.0, 0.0, 1.0, 0.0, 1.0, 2.0]",0,True,False,16,78.579,0.7725,rf,0.05121703863297446,0.12560851931648723,0.8
compas,0,42,3,36,4,"[35, 0, 0, 23, 1, 0, 1, 0, 1, 2]",1,1,"[59.68748615313622, 0.0, 0.0, 0.48128982304737056, 1.0, 0.0, 1.0, 0.0, 1.0, 2.0]",0,True,False,16,80.011,0.7725,rf,0.05262540060760656,0.1263127003038033,0.8
compas,0,42,3,41,0,"[27, 1, 0, 11, 1, 0, 1, 0, 1, 223]",1,1,"[59.406284038466296, 1.0, 0.0, 1.35249518277184, 1.0, 0.0, 1.0, 0.0, 1.0, 223.0]",0,True,False,16,77.391,0.7725,rf,0.04916736340072364,0.12458368170036183,0.8
compas,0,42,3,41,1,"[27, 1, 0, 11, 1, 0, 1, 0, 1, 223]",1,1,"[53.985481063127445, 1.0, 0.0, 1.1924846036756587, 1.0, 0.0, 1.0, 0.0, 1.0, 223.0]",0,True,False,16,77.554,0.7725,rf,0.04271663864404074,0.12135831932202037,0.8
compas,0,42,3,41,2,"[27, 1, 0, 11, 1, 0, 1, 0, 1, 223]",1,1,"[54.452448826358605, 1.0, 0.0, 0.9267071193672372, 1.0, 0.0, 1.0, 0.0, 1.0, 223.0]",0,True,False,16,77.506,0.7725,rf,0.04355188901033838,0.1217759445051692,0.8
compas,0,42,3,41,3,"[27, 1, 0, 11, 1, 0, 1, 0, 1, 223]",1,1,"[57.048792411341694, 1.0, 0.0, 0.0, 1.0, 0.0, 1.0, 0.0, 1.0, 223.0]",0,True,False,16,77.098,0.7725,rf,0.047644868794319145,0.12382243439715958,0.8
compas,0,42,3,41,4,"[27, 1, 0, 11, 1, 0, 1, 0, 1, 223]",1,1,"[54.28545567881059, 1.0, 0.0, 0.7166744276693421, 1.0, 0.0, 1.0, 0.0, 1.0, 223.0]",0,True,False,16,78.638,0.7725,rf,0.04355827152209967,0.12177913576104984,0.8
compas,0,42,3,42,0,"[23, 1, 0, 2, 1, 0, 0, 0, 0, 71]",1,1,"[59.53696171675668, 1.0, 0.0, 2.0, 1.0, 0.0, 0.0, 0.0, 0.0, 71.0]",0,True,False,16,83.902,0.7725,rf,0.044557270386288636,0.07227863519314431,0.9
compas,0,42,3,42,1,"[23, 1, 0, 2, 1, 0, 0, 0, 0, 71]",1,1,"[59.62394773605123, 1.0, 0.0, 2.0, 1.0, 0.0, 0.0, 0.0, 0.0, 71.0]",0,True,False,16,84.075,0.7725,rf,0.04466335089762345,0.07233167544881172,0.9
compas,0,42,3,42,2,"[23, 1, 0, 2, 1, 0, 0, 0, 0, 71]",1,1,"[59.51179208156547, 1.0, 0.0, 2.0, 1.0, 0.0, 0.0, 0.0, 0.0, 71.0]",0,True,False,16,84.186,0.7725,rf,0.044526575709226184,0.0722632878546131,0.9
compas,0,42,3,42,3,"[23, 1, 0, 2, 1, 0, 0, 0, 0, 71]",1,1,"[59.80445355979153, 1.0, 0.0, 2.0, 1.0, 0.0, 0.0, 0.0, 0.0, 71.0]",0,True,False,16,84.124,0.7725,rf,0.04488347995096528,0.07244173997548264,0.9
compas,0,42,3,42,4,"[23, 1, 0, 2, 1, 0, 0, 0, 0, 71]",1,1,"[58.60806504359177, 1.0, 0.0, 2.0, 1.0, 0.0, 0.0, 0.0, 0.0, 71.0]",0,True,False,16,84.179,0.7725,rf,0.04342446956535582,0.07171223478267791,0.9
compas,0,42,3,44,0,"[32, 1, 0, 14, 1, 0, 0, 0, 0, 1]",1,1,"[60.0966914686626, 1.0, 0.0, 5.481713884358651, 1.0, 0.0, 0.0, 0.0, 0.0, 1.0]",0,True,False,16,84.335,0.7725,rf,0.042782544004254276,0.12139127200212714,0.8
compas,0,42,3,44,1,"[32, 1, 0, 14, 1, 0, 0, 0, 0, 1]",1,1,"[53.09754784334392, 1.0, 0.0, 3.4387533742729013, 1.0, 0.0, 0.0, 0.0, 0.0, 1.0]",0,True,False,16,84.596,0.7725,rf,0.03628996350785383,0.11814498175392692,0.8
compas,0,42,3,44,2,"[32, 1, 0, 14, 1, 0, 0, 0, 0, 1]",1,1,"[54.48589924704167, 1.0, 0.0, 3.4844793681388238, 1.0, 0.0, 0.0, 0.0, 0.0, 1.0]",0,True,False,16,83.434,0.7725,rf,0.037937348981912,0.11896867449095601,0.8
compas,0,42,3,44,3,"[32, 1, 0, 14, 1, 0, 0, 0, 0, 1]",1,1,"[54.359545469278444, 1.0, 0.0, 3.4734031398914103, 1.0, 0.0, 0.0, 0.0, 0.0, 1.0]",0,True,False,16,82.873,0.7725,rf,0.037794335237277425,0.11889716761863872,0.8
compas,0,42,3,44,4,"[32, 1, 0, 14, 1, 0, 0, 0, 0, 1]",1,1,"[58.74021824290644, 1.0, 0.0, 5.450237203194005, 1.0, 0.0, 0.0, 0.0, 0.0, 1.0]",0,True,False,16,82.788,0.7725,rf,0.04115978504425287,0.12057989252212645,0.8
compas,0,42,3,60,0,"[30, 1, 0, 2, 83, 0, 0, 0, 0, 83]",1,0,"[53.01560517507224, 1.0, 0.0, 1.9701949653231106, 83.0, 0.0, 0.0, 0.0, 0.0, 83.0]",0,True,False,16,77.26,0.7725,rf,0.028097616223789375,0.11404880811189469,0.8
compas,0,42,3,60,1,"[30, 1, 0, 2, 83, 0, 0, 0, 0, 83]",1,0,"[52.65831030516626, 1.0, 0.0, 2.002338018062372, 83.0, 0.0, 0.0, 0.0, 0.0, 83.0]",0,True,False,16,77.182,0.7725,rf,0.027634423756070003,0.11381721187803501,0.8
compas,0,42,3,60,2,"[30, 1, 0, 2, 83, 0, 0, 0, 0, 83]",1,0,"[52.89595176485169, 1.0, 0.0, 1.9970439040603054, 83.0, 0.0, 0.0, 0.0, 0.0, 83.0]",0,True,False,16,76.929,0.7725,rf,0.027924848492100293,0.11396242424605016,0.8
compas,0,42,3,60,3,"[30, 1, 0, 2, 83, 0, 0, 0, 0, 83]",1,0,"[53.913208780393916, 1.0, 0.0, 1.9911675181941924, 83.0, 0.0, 0.0, 0.0, 0.0, 83.0]",0,True,False,16,76.849,0.7725,rf,0.02917128221399351,0.11458564110699676,0.8
compas,0,42,3,60,4,"[30, 1, 0, 2, 83, 0, 0, 0, 0, 83]",1,0,"[53.48235474553519, 1.0, 0.0, 2.0178512310357624, 83.0, 0.0, 0.0, 0.0, 0.0, 83.0]",0,True,False,16,76.875,0.7725,rf,0.028654869213395752,0.11432743460669788,0.8
compas,0,42,3,72,0,"[32, 1, 0, 12, 1, 0, 1, 1, 1, 1]",1,1,"[48.91196880864251, 1.0, 0.0, 5.805207538828413, 1.0, 0.0, 1.0, 1.0, 1.0, 1.0]",0,True,False,16,80.681,0.7725,rf,0.02681914466683319,0.1134095723334166,0.8
compas,0,42,3,72,1,"[32, 1, 0, 12, 1, 0, 1, 1, 1, 1]",1,1,"[47.14454987711799, 1.0, 0.0, 3.53447193812087, 1.0, 0.0, 1.0, 1.0, 1.0, 1.0]",0,True,False,16,80.727,0.7725,rf,0.026934491326657165,0.11346724566332858,0.8
compas,0,42,3,72,2,"[32, 1, 0, 12, 1, 0, 1, 1, 1, 1]",1,1,"[51.405807682726106, 1.0, 0.0, 5.86056674440906, 1.0, 0.0, 1.0, 1.0, 1.0, 1.0]",0,True,False,16,80.817,0.7725,rf,0.029805052380866684,0.11490252619043334,0.8
compas,0,42,3,72,3,"[32, 1, 0, 12, 1, 0, 1, 1, 1, 1]",1,1,"[49.69706377762363, 1.0, 0.0, 4.742970219359332, 1.0, 0.0, 1.0, 1.0, 1.0, 1.0]",0,True,False,16,80.889,0.7725,rf,0.02883881487530364,0.11441940743765183,0.8
compas,0,42,3,72,4,"[32, 1, 0, 12, 1, 0, 1, 1, 1, 1]",1,1,"[49.46571334724057, 1.0, 0.0, 5.3935375418042995, 1.0, 0.0, 1.0, 1.0, 1.0, 1.0]",0,True,False,16,80.827,0.7725,rf,0.02790611288165982,0.11395305644082991,0.8
compas,0,42,3,80,0,"[22, 1, 0, 4, 1, 0, 1, 1, 1, 260]",1,1,"[57.702344896527315, 1.0, 0.0, 4.0, 1.0, 0.0, 1.0, 1.0, 1.0, 260.0]",0,True,False,16,76.401,0.7725,rf,0.04353944499576502,0.07176972249788252,0.9
compas,0,42,3,80,1,"[22, 1, 0, 4, 1, 0, 1, 1, 1, 260]",1,1,"[61.135833164858354, 1.0, 0.0, 4.0, 1.0, 0.0, 1.0, 1.0, 1.0, 260.0]",0,True,False,16,76.376,0.7725,rf,0.04772662581080287,0.07386331290540143,0.9
compas,0,42,3,80,2,"[22, 1, 0, 4, 1, 0, 1, 1, 1, 260]",1,1,"[60.604528813655165, 1.0, 0.0, 4.0, 1.0, 0.0, 1.0, 1.0, 1.0, 260.0]",0,True,False,16,76.506,0.7725,rf,0.04707869367518923,0.07353934683759461,0.9
compas,0,42,3,80,3,"[22, 1, 0, 4, 1, 0, 1, 1, 1, 260]",1,1,"[64.6375390140459, 1.0, 0.0, 4.0, 1.0, 0.0, 1.0, 1.0, 1.0, 260.0]",0,True,False,16,76.344,0.7725,rf,0.05199699879761695,0.07599849939880848,0.9
compas,0,42,3,80,4,"[22, 1, 0, 4, 1, 0, 1, 1, 1, 260]",1,1,"[60.52664536691903, 1.0, 0.0, 4.0, 1.0, 0.0, 1.0, 1.0, 1.0, 260.0]",0,True,False,16,76.234,0.7725,rf,0.04698371386209638,0.07349185693104819,0.9
compas,0,42,3,88,0,"[31, 1, 0, 7, 0, 1, 1, 0, 1, 1]",1,0,"[46.51461218736939, 1.0, 0.0, 1.4338756216349613, 0.0, 1.0, 1.0, 0.0, 0.0, 1.0]",0,True,False,16,77.325,0.7725,rf,0.12448638314344967,0.21224319157172486,0.7
compas,0,42,3,88,1,"[31, 1, 0, 7, 0, 1, 1, 0, 1, 1]",1,0,"[44.56710094175595, 1.0, 0.0, 1.405393843487298, 0.0, 1.0, 1.0, 0.0, 0.0, 1.0]",0,True,False,16,77.699,0.7725,rf,0.1221398512074346,0.21106992560371732,0.7
compas,0,42,3,88,2,"[31, 1, 0, 7, 0, 1, 1, 0, 1, 1]",1,0,"[46.574932065401406, 1.0, 0.0, 1.475696266917423, 0.0, 1.0, 1.0, 0.0, 0.0, 1.0]",0,True,False,16,77.268,0.7725,rf,0.12451812332503552,0.2122590616625178,0.7
compas,0,42,3,88,3,"[31, 1, 0, 7, 0, 1, 1, 0, 1, 1]",1,0,"[39.91874142274976, 1.0, 0.0, 1.4787946799081853, 0.0, 1.0, 1.0, 0.0, 0.0, 1.0]",0,True,False,16,77.549,0.7725,rf,0.11639771925027445,0.20819885962513723,0.7
compas,0,42,3,88,4,"[31, 1, 0, 7, 0, 1, 1, 0, 1, 1]",1,0,"[38.64237088215465, 1.0, 0.0, 1.496197577814848, 0.0, 1.0, 1.0, 0.0, 0.0, 1.0]",0,True,False,16,77.917,0.7725,rf,0.11482376691261767,0.20741188345630884,0.7
compas,0,42,3,90,0,"[20, 1, 0, 0, 0, 0, 1, 0, 1, 0]",1,1,"[53.629896815385315, 1.0, 0.0, 0.0, 0.0, 0.0, 1.0, 0.0, 1.0, 9.363060852311412]",0,True,False,16,84.056,0.7725,rf,0.041792324358081216,0.12089616217904062,0.8
compas,0,42,3,90,1,"[20, 1, 0, 0, 0, 0, 1, 0, 1, 0]",1,1,"[51.49933736046086, 1.0, 0.0, 0.0, 0.0, 0.0, 1.0, 0.0, 1.0, 4.875158648764888]",0,True,False,16,83.355,0.7725,rf,0.038820089270072924,0.11941004463503646,0.8
compas,0,42,3,90,2,"[20, 1, 0, 0, 0, 0, 1, 0, 1, 0]",1,1,"[51.4308385100626, 1.0, 0.0, 0.0, 0.0, 0.0, 1.0, 0.0, 1.0, 7.975979329142035]",0,True,False,16,82.486,0.7725,rf,0.03899495581002517,0.11949747790501258,0.8
compas,0,42,3,90,3,"[20, 1, 0, 0, 0, 0, 1, 0, 1, 0]",1,1,"[50.46743469166844, 1.0, 0.0, 0.0, 0.0, 0.0, 1.0, 0.0, 1.0, 10.908040210759006]",0,True,False,16,83.08,0.7725,rf,0.03806441151146785,0.11903220575573392,0.8
compas,0,42,3,90,4,"[20, 1, 0, 0, 0, 0, 1, 0, 1, 0]",1,1,"[54.01165470724188, 1.0, 0.0, 0.0, 0.0, 0.0, 1.0, 0.0, 1.0, 0.0]",0,True,False,16,83.209,0.7725,rf,0.04147762769175839,0.0707388138458792,0.9
compas,0,42,3,94,0,"[20, 1, 0, 1, 1, 0, 1, 0, 1, 1]",1,1,"[56.056726269865806, 1.0, 0.0, 1.0, 1.0, 0.0, 1.0, 0.0, 1.0, 1.0]",0,True,False,16,82.759,0.7725,rf,0.04397161740227537,0.07198580870113769,0.9
compas,0,42,3,94,1,"[20, 1, 0, 1, 1, 0, 1, 0, 1, 1]",1,1,"[57.602879198939, 1.0, 0.0, 1.0, 1.0, 0.0, 1.0, 0.0, 1.0, 1.0]",0,True,False,16,82.988,0.7725,rf,0.04585716975480366,0.07292858487740184,0.9
compas,0,42,3,94,2,"[20, 1, 0, 1, 1, 0, 1, 0, 1, 1]",1,1,"[59.595888363809934, 1.0, 0.0, 1.0, 1.0, 0.0, 1.0, 0.0, 1.0, 1.0]",0,True,False,16,82.592,0.7725,rf,0.04828766873635358,0.07414383436817679,0.9
compas,0,42,3,94,3,"[20, 1, 0, 1, 1, 0, 1, 0, 1, 1]",1,1,"[56.4956585439728, 1.0, 0.0, 1.0, 1.0, 0.0, 1.0, 0.0, 1.0, 1.0]",0,True,False,16,82.799,0.7725,rf,0.04450690066338147,0.07225345033169074,0.9
compas,0,42,3,94,4,"[20, 1, 0, 1, 1, 0, 1, 0, 1, 1]",1,1,"[53.9276211683499, 1.0, 0.0, 1.0, 1.0, 0.0, 1.0, 0.0, 1.0, 1.0]",0,True,False,16,82.712,0.7725,rf,0.041375147766280373,0.07068757388314019,0.9
compas,0,42,3,96,0,"[45, 1, 0, 16, 83, 0, 0, 0, 0, 64]",1,0,"[45.0, 1.0, 0.0, 1.4856399556796656, 83.0, 0.0, 0.0, 0.0, 0.0, 64.0]",0,True,False,16,79.21,0.7725,rf,0.014514360044320336,0.05725718002216017,0.9
compas,0,42,3,96,1,"[45, 1, 0, 16, 83, 0, 0, 0, 0, 64]",1,0,"[45.0, 1.0, 0.0, 1.4427340731054228, 83.0, 0.0, 0.0, 0.0, 0.0, 64.0]",0,True,False,16,77.772,0.7725,rf,0.014557265926894578,0.05727863296344729,0.9
compas,0,42,3,96,2,"[45, 1, 0, 16, 83, 0, 0, 0, 0, 64]",1,0,"[45.0, 1.0, 0.0, 1.669275930229139, 83.0, 0.0, 0.0, 0.0, 0.0, 64.0]",0,True,False,16,77.806,0.7725,rf,0.014330724069770862,0.05716536203488543,0.9
compas,0,42,3,96,3,"[45, 1, 0, 16, 83, 0, 0, 0, 0, 64]",1,0,"[54.506144165755074, 1.0, 0.0, 2.697876255282322, 83.0, 0.0, 0.0, 0.0, 0.0, 64.0]",0,True,False,16,77.03,0.7725,rf,0.02489498248344338,0.1124474912417217,0.8
compas,0,42,3,96,4,"[45, 1, 0, 16, 83, 0, 0, 0, 0, 64]",1,0,"[53.46816111631021, 1.0, 0.0, 2.4999663849191363, 83.0, 0.0, 0.0, 0.0, 0.0, 64.0]",0,True,False,16,77.485,0.7725,rf,0.023827059366678685,0.11191352968333934,0.8
compas,0,42,3,97,0,"[34, 0, 4, 4, 152, 0, 1, 0, 1, 97]",1,1,"[34.0, 0.0, 4.0, 1.3132511285202986, 152.0, 0.0, 1.0, 0.0, 1.0, 97.0]",0,True,False,16,73.58,0.7725,rf,0.002686748871479702,0.05134337443573985,0.9
compas,0,42,3,97,1,"[34, 0, 4, 4, 152, 0, 1, 0, 1, 97]",1,1,"[34.0, 0.0, 4.0, 1.4771114886072385, 152.0, 0.0, 1.0, 0.0, 1.0, 97.0]",0,True,False,16,73.584,0.7725,rf,0.0025228885113927615,0.051261444255696384,0.9
compas,0,42,3,97,2,"[34, 0, 4, 4, 152, 0, 1, 0, 1, 97]",1,1,"[34.0, 0.0, 4.0, 1.3182741117197305, 152.0, 0.0, 1.0, 0.0, 1.0, 97.0]",0,True,False,16,74.014,0.7725,rf,0.00268172588828027,0.051340862944140135,0.9
compas,0,42,3,97,3,"[34, 0, 4, 4, 152, 0, 1, 0, 1, 97]",1,1,"[34.0, 0.0, 4.0, 1.3867863256807, 152.0, 0.0, 1.0, 0.0, 1.0, 97.0]",0,True,False,16,73.775,0.7725,rf,0.0026132136743193,0.05130660683715965,0.9
compas,0,42,3,97,4,"[34, 0, 4, 4, 152, 0, 1, 0, 1, 97]",1,1,"[34.0, 0.0, 4.0, 0.8313677569777828, 152.0, 0.0, 1.0, 0.0, 1.0, 97.0]",0,True,False,16,73.436,0.7725,rf,0.0031686322430222176,0.05158431612151111,0.9
compas,0,42,3,98,0,"[24, 0, 0, 6, 1, 0, 1, 0, 1, 26]",1,1,"[60.252272699375965, 0.0, 0.0, 1.3304144901612718, 1.0, 0.0, 1.0, 0.0, 1.0, 26.0]",0,True,False,16,77.316,0.7725,rf,0.048879674167614295,0.12443983708380715,0.8
compas,0,42,3,98,1,"[24, 0, 0, 6, 1, 0, 1, 0, 1, 26]",1,1,"[57.50744521753651, 0.0, 0.0, 0.0, 1.0, 0.0, 1.0, 0.0, 1.0, 26.0]",0,True,False,16,77.318,0.7725,rf,0.04686273807016647,0.12343136903508324,0.8
compas,0,42,3,98,2,"[24, 0, 0, 6, 1, 0, 1, 0, 1, 26]",1,1,"[60.15774238282377, 0.0, 0.0, 0.871734676057731, 1.0, 0.0, 1.0, 0.0, 1.0, 26.0]",0,True,False,16,77.349,0.7725,rf,0.0492230731078737,0.12461153655393686,0.8
compas,0,42,3,98,3,"[24, 0, 0, 6, 1, 0, 1, 0, 1, 26]",1,1,"[58.502239170583415, 0.0, 0.0, 1.203423226933109, 1.0, 0.0, 1.0, 0.0, 1.0, 26.0]",0,True,False,16,77.293,0.7725,rf,0.046872478200607644,0.12343623910030382,0.8
compas,0,42,3,98,4,"[24, 0, 0, 6, 1, 0, 1, 0, 1, 26]",1,1,"[58.52425272376861, 0.0, 0.0, 0.9783595586777549, 1.0, 0.0, 1.0, 0.0, 1.0, 26.0]",0,True,False,16,77.053,0.7725,rf,0.04712438766543031,0.12356219383271516,0.8
compas,0,42,3,110,0,"[20, 1, 0, 0, 0, 0, 1, 0, 1, 0]",1,0,"[62.39725042829049, 1.0, 0.0, 0.0, 0.0, 0.0, 1.0, 0.0, 1.0, 0.0]",0,True,False,16,83.99,0.7725,rf,0.05170396393693963,0.07585198196846982,0.9
compas,0,42,3,110,1,"[20, 1, 0, 0, 0, 0, 1, 0, 1, 0]",1,0,"[55.25280219027469, 1.0, 0.0, 0.0, 0.0, 0.0, 1.0, 0.0, 1.0, 0.0]",0,True,False,16,83.472,0.7725,rf,0.04299122218326182,0.07149561109163091,0.9
compas,0,42,3,110,2,"[20, 1, 0, 0, 0, 0, 1, 0, 1, 0]",1,0,"[49.2048532353122, 1.0, 0.0, 0.0, 0.0, 0.0, 1.0, 0.0, 1.0, 0.40861334909638725]",0,True,False,16,83.771,0.7725,rf,0.035649725789634705,0.11782486289481736,0.8
compas,0,42,3,110,3,"[20, 1, 0, 0, 0, 0, 1, 0, 1, 0]",1,0,"[48.51316676309822, 1.0, 0.0, 0.0, 0.0, 0.0, 1.0, 0.0, 1.0, 0.36187881586098314]",0,True,False,16,85.073,0.7725,rf,0.03480231115713259,0.1174011555785663,0.8
compas,0,42,3,110,4,"[20, 1, 0, 0, 0, 0, 1, 0, 1, 0]",1,0,"[53.87093253901884, 1.0, 0.0, 0.0, 0.0, 0.0, 1.0, 0.0, 1.0, 7.876832980778492]",0,True,False,16,83.227,0.7725,rf,0.0419624180398846,0.1209812090199423,0.8
compas,0,42,3,113,0,"[32, 1, 3, 20, 0, 0, 0, 0, 0, 0]",1,1,"[32.0, 1.0, 3.0, 6.483341697744552, 0.0, 0.0, 0.0, 0.0, 0.0, 0.0]",0,True,False,16,82.369,0.7725,rf,0.013516658302255447,0.056758329151127725,0.9
compas,0,42,3,113,1,"[32, 1, 3, 20, 0, 0, 0, 0, 0, 0]",1,1,"[39.764622193474054, 1.0, 3.0, 6.412833284098973, 0.0, 0.0, 0.0, 0.0, 0.0, 0.0]",0,True,False,16,80.684,0.7725,rf,0.023056218171357192,0.1115281090856786,0.8
compas,0,42,3,113,2,"[32, 1, 3, 20, 0, 0, 0, 0, 0, 0]",1,1,"[32.0, 1.0, 3.0, 6.4474040414686185, 0.0, 0.0, 0.0, 0.0, 0.0, 0.0]",0,True,False,16,81.645,0.7725,rf,0.01355259595853138,0.05677629797926569,0.9
compas,0,42,3,113,3,"[32, 1, 3, 20, 0, 0, 0, 0, 0, 0]",1,1,"[32.0, 1.0, 3.0, 6.481399706513244, 0.0, 0.0, 0.0, 0.0, 0.0, 0.0]",0,True,False,16,81.446,0.7725,rf,0.013518600293486758,0.05675930014674338,0.9
compas,0,42,3,113,4,"[32, 1, 3, 20, 0, 0, 0, 0, 0, 0]",1,1,"[32.0, 1.0, 3.0, 6.477301617807759, 0.0, 0.0, 0.0, 0.0, 0.0, 0.0]",0,True,False,16,81.53,0.7725,rf,0.013522698382192243,0.05676134919109613,0.9
compas,0,42,3,114,0,"[42, 1, 0, 14, 1, 0, 1, 0, 1, 1]",1,1,"[59.51669673179687, 1.0, 0.0, 5.428770372118047, 1.0, 0.0, 1.0, 0.0, 1.0, 1.0]",0,True,False,16,82.74,0.7725,rf,0.029933054910561065,0.11496652745528053,0.8
compas,0,42,3,114,1,"[42, 1, 0, 14, 1, 0, 1, 0, 1, 1]",1,1,"[42.0, 1.0, 0.0, 0.5521107705400152, 1.0, 0.0, 1.0, 0.0, 1.0, 1.0]",0,True,False,16,84.372,0.7725,rf,0.013447889229459987,0.056723944614729994,0.9
compas,0,42,3,114,2,"[42, 1, 0, 14, 1, 0, 1, 0, 1, 1]",1,1,"[42.0, 1.0, 0.0, 0.9723725074427675, 1.0, 0.0, 1.0, 0.0, 1.0, 1.0]",0,True,False,16,84.38,0.7725,rf,0.013027627492557235,0.05651381374627862,0.9
compas,0,42,3,114,3,"[42, 1, 0, 14, 1, 0, 1, 0, 1, 1]",1,1,"[54.323933239108385, 1.0, 0.0, 4.089785638895041, 1.0, 0.0, 1.0, 0.0, 1.0, 1.0]",0,True,False,16,82.498,0.7725,rf,0.024939401238066407,0.1124697006190332,0.8
compas,0,42,3,114,4,"[42, 1, 0, 14, 1, 0, 1, 0, 1, 1]",1,1,"[42.0, 1.0, 0.0, 0.0, 1.0, 0.0, 1.0, 0.0, 1.0, 1.0]",0,True,False,16,83.432,0.7725,rf,0.014000000000000002,0.057,0.9
compas,0,42,3,120,0,"[27, 1, 0, 5, 0, 1, 1, 0, 1, 64]",1,0,"[40.38036334844229, 1.0, 0.0, 1.4849014684106099, 0.0, 1.0, 1.0, 0.0, 0.0, 64.0]",0,True,False,16,75.93,0.7725,rf,0.11983261481017755,0.2099163074050888,0.7
compas,0,42,3,120,1,"[27, 1, 0, 5, 0, 1, 1, 0, 1, 64]",1,0,"[50.73235114707997, 1.0, 0.0, 0.9786475735491296, 0.0, 1.0, 1.0, 0.0, 0.0, 64.0]",0,True,False,16,75.423,0.7725,rf,0.13296324406923132,0.21648162203461568,0.7
compas,0,42,3,120,2,"[27, 1, 0, 5, 0, 1, 1, 0, 1, 64]",1,0,"[43.69028068895748, 1.0, 0.0, 1.0362828669870205, 0.0, 1.0, 1.0, 0.0, 0.0, 64.0]",0,True,False,16,76.236,0.7725,rf,0.12431771797320504,0.21215885898660253,0.7
compas,0,42,3,120,3,"[27, 1, 0, 5, 0, 1, 1, 0, 1, 64]",1,0,"[36.58780080003768, 1.0, 0.0, 1.2282788016889534, 0.0, 1.0, 1.0, 0.0, 0.0, 64.0]",0,True,False,16,76.288,0.7725,rf,0.115464161198357,0.20773208059917853,0.7
compas,0,42,3,120,4,"[27, 1, 0, 5, 0, 1, 1, 0, 1, 64]",1,0,"[44.44036213383137, 1.0, 0.0, 1.4626329457364333, 0.0, 1.0, 1.0, 0.0, 0.0, 64.0]",0,True,False,16,76.018,0.7725,rf,0.12480610136381404,0.21240305068190704,0.7
compas,0,42,3,128,0,"[31, 1, 0, 23, 0, 0, 1, 0, 1, 55]",1,1,"[56.00287735633183, 1.0, 0.0, 1.482882509866787, 0.0, 0.0, 1.0, 0.0, 1.0, 55.0]",0,True,False,16,78.88,0.7725,rf,0.05200843133931837,0.1260042156696592,0.8
compas,0,42,3,128,1,"[31, 1, 0, 23, 0, 0, 1, 0, 1, 55]",1,1,"[59.83381281151158, 1.0, 0.0, 5.216875225511414, 0.0, 0.0, 1.0, 0.0, 1.0, 55.0]",0,True,False,16,78.661,0.7725,rf,0.052946311129990514,0.12647315556499528,0.8
compas,0,42,3,128,2,"[31, 1, 0, 23, 0, 0, 1, 0, 1, 55]",1,1,"[57.07069105896195, 1.0, 0.0, 1.439182580655857, 0.0, 0.0, 1.0, 0.0, 1.0, 55.0]",0,True,False,16,78.763,0.7725,rf,0.05335434310100506,0.12667717155050254,0.8
compas,0,42,3,128,3,"[31, 1, 0, 23, 0, 0, 1, 0, 1, 55]",1,1,"[60.33085692322763, 1.0, 0.0, 5.251408110873761, 0.0, 0.0, 1.0, 0.0, 1.0, 55.0]",0,True,False,16,79.098,0.7725,rf,0.053517929600379446,0.12675896480018972,0.8
compas,0,42,3,128,4,"[31, 1, 0, 23, 0, 0, 1, 0, 1, 55]",1,1,"[61.65403959657141, 1.0, 0.0, 5.028512340388086, 0.0, 0.0, 1.0, 0.0, 1.0, 55.0]",0,True,False,16,78.47,0.7725,rf,0.05535446277738192,0.12767723138869097,0.8
compas,0,42,3,134,0,"[26, 1, 0, 8, 52, 0, 0, 0, 0, 40]",1,0,"[52.5818153247606, 1.0, 0.0, 2.494148050774456, 52.0, 0.0, 0.0, 0.0, 0.0, 40.0]",0,True,False,16,79.112,0.7725,rf,0.03792269990625066,0.11896134995312534,0.8
compas,0,42,3,134,1,"[26, 1, 0, 8, 52, 0, 0, 0, 0, 40]",1,0,"[51.79278341490037, 1.0, 0.0, 3.0468019565613567, 52.0, 0.0, 0.0, 0.0, 0.0, 40.0]",0,True,False,16,79.169,0.7725,rf,0.03640781196404885,0.11820390598202443,0.8
compas,0,42,3,134,2,"[26, 1, 0, 8, 52, 0, 0, 0, 0, 40]",1,0,"[52.88209995974376, 1.0, 0.0, 2.477030230864574, 52.0, 0.0, 0.0, 0.0, 0.0, 40.0]",0,True,False,16,78.987,0.7725,rf,0.03830601850053026,0.11915300925026513,0.8
compas,0,42,3,134,3,"[26, 1, 0, 8, 52, 0, 0, 0, 0, 40]",1,0,"[54.34040176065579, 1.0, 0.0, 2.4769174783562056, 52.0, 0.0, 0.0, 0.0, 0.0, 40.0]",0,True,False,16,78.996,0.7725,rf,0.04008454808341915,0.12004227404170958,0.8
compas,0,42,3,134,4,"[26, 1, 0, 8, 52, 0, 0, 0, 0, 40]",1,0,"[54.05275079322931, 1.0, 0.0, 2.4751842986074717, 52.0, 0.0, 0.0, 0.0, 0.0, 40.0]",0,True,False,16,79.036,0.7725,rf,0.03973548740045266,0.11986774370022633,0.8
compas,0,42,3,138,0,"[38, 1, 2, 11, 268, 0, 1, 0, 1, 268]",1,0,"[80.24850027790568, 1.0, 2.0, 11.0, 268.0, 0.0, 1.0, 0.0, 1.0, 268.0]",0,True,False,16,70.012,0.7725,rf,0.05152256131451913,0.07576128065725957,0.9
compas,0,42,3,138,1,"[38, 1, 2, 11, 268, 0, 1, 0, 1, 268]",1,0,"[61.48494622808443, 1.0, 2.0, 11.0, 268.0, 0.0, 1.0, 0.0, 1.0, 268.0]",0,True,False,16,70.1,0.7725,rf,0.028640178326932237,0.06432008916346613,0.9
compas,0,42,3,138,2,"[38, 1, 2, 11, 268, 0, 1, 0, 1, 268]",1,0,"[75.68281029564604, 1.0, 2.0, 11.0, 268.0, 0.0, 1.0, 0.0, 1.0, 268.0]",0,True,False,16,69.917,0.7725,rf,0.045954646702007364,0.07297732335100368,0.9
compas,0,42,3,138,3,"[38, 1, 2, 11, 268, 0, 1, 0, 1, 268]",1,0,"[70.24630662236584, 1.0, 2.0, 11.0, 268.0, 0.0, 1.0, 0.0, 1.0, 268.0]",0,True,False,16,69.77,0.7725,rf,0.039324764173616876,0.06966238208680844,0.9
compas,0,42,3,138,4,"[38, 1, 2, 11, 268, 0, 1, 0, 1, 268]",1,0,"[76.48177755526065, 1.0, 2.0, 11.0, 268.0, 0.0, 1.0, 0.0, 1.0, 268.0]",0,True,False,16,69.985,0.7725,rf,0.04692899701861055,0.07346449850930528,0.9
compas,0,42,3,140,0,"[23, 1, 0, 6, 1, 0, 1, 1, 1, 8]",1,1,"[65.61680444128022, 1.0, 0.0, 6.0, 1.0, 0.0, 1.0, 1.0, 1.0, 8.0]",0,True,False,16,79.3,0.7725,rf,0.05197171273326856,0.07598585636663428,0.9
compas,0,42,3,140,1,"[23, 1, 0, 6, 1, 0, 1, 1, 1, 8]",1,1,"[61.4940868668454, 1.0, 0.0, 6.0, 1.0, 0.0, 1.0, 1.0, 1.0, 8.0]",0,True,False,16,78.322,0.7725,rf,0.04694400837420171,0.07347200418710086,0.9
compas,0,42,3,140,2,"[23, 1, 0, 6, 1, 0, 1, 1, 1, 8]",1,1,"[59.37382813947301, 1.0, 0.0, 6.0, 1.0, 0.0, 1.0, 1.0, 1.0, 8.0]",0,True,False,16,78.255,0.7725,rf,0.044358326999357336,0.07217916349967868,0.9
compas,0,42,3,140,3,"[23, 1, 0, 6, 1, 0, 1, 1, 1, 8]",1,1,"[62.408135577226574, 1.0, 0.0, 6.0, 1.0, 0.0, 1.0, 1.0, 1.0, 8.0]",0,True,False,16,78.461,0.7725,rf,0.04805870192344704,0.07402935096172353,0.9
compas,0,42,3,140,4,"[23, 1, 0, 6, 1, 0, 1, 1, 1, 8]",1,1,"[65.02540259829325, 1.0, 0.0, 6.0, 1.0, 0.0, 1.0, 1.0, 1.0, 8.0]",0,True,False,16,78.158,0.7725,rf,0.051250490973528365,0.07562524548676419,0.9
compas,0,42,3,141,0,"[34, 1, 0, 10, 0, 0, 1, 0, 1, 2]",1,1,"[53.38097311808567, 1.0, 0.0, 0.9713853016207086, 0.0, 0.0, 1.0, 0.0, 1.0, 2.0]",0,True,False,16,82.248,0.7725,rf,0.032663947769215475,0.11633197388460774,0.8
compas,0,42,3,141,1,"[34, 1, 0, 10, 0, 0, 1, 0, 1, 2]",1,1,"[60.425488815614806, 1.0, 0.0, 4.666597902796556, 0.0, 0.0, 1.0, 0.0, 1.0, 2.0]",0,True,False,16,81.481,0.7725,rf,0.03755960796990443,0.11877980398495222,0.8
compas,0,42,3,141,2,"[34, 1, 0, 10, 0, 0, 1, 0, 1, 2]",1,1,"[53.36754792964574, 1.0, 0.0, 0.0, 0.0, 0.0, 1.0, 0.0, 1.0, 2.0]",0,True,False,16,80.934,0.7725,rf,0.03361896088981188,0.11680948044490594,0.8
compas,0,42,3,141,3,"[34, 1, 0, 10, 0, 0, 1, 0, 1, 2]",1,1,"[56.72448177957061, 1.0, 0.0, 1.234099165972102, 0.0, 0.0, 1.0, 0.0, 1.0, 2.0]",0,True,False,16,81.379,0.7725,rf,0.03647868349204084,0.11823934174602042,0.8
compas,0,42,3,141,4,"[34, 1, 0, 10, 0, 0, 1, 0, 1, 2]",1,1,"[61.464529232298645, 1.0, 0.0, 10.0, 0.0, 0.0, 1.0, 0.0, 0.0, 2.0]",0,True,False,16,77.189,0.7725,rf,0.13349332833207153,0.16674666416603579,0.8
compas,0,42,3,142,0,"[23, 1, 0, 0, 0, 0, 0, 0, 0, 0]",1,0,"[23.0, 1.0, 0.0, 0.0, 0.0, 0.0, 0.0, 0.0, 0.0, 2.0110727396869255]",0,True,False,16,92.265,0.7725,rf,0.00016758939497391045,0.05008379469748696,0.9
compas,0,42,3,142,1,"[23, 1, 0, 0, 0, 0, 0, 0, 0, 0]",1,0,"[47.83921025864596, 1.0, 0.0, 0.0, 0.0, 0.0, 0.0, 0.0, 0.0, 0.7109750549773475]",0,True,False,16,87.375,0.7725,rf,0.03035096774886514,0.11517548387443258,0.8
compas,0,42,3,142,2,"[23, 1, 0, 0, 0, 0, 0, 0, 0, 0]",1,0,"[48.299540194392016, 1.0, 0.0, 0.0, 0.0, 0.0, 0.0, 0.0, 0.0, 3.6011293631629915]",0,True,False,16,84.983,0.7725,rf,0.031153191911635958,0.11557659595581798,0.8
compas,0,42,3,142,3,"[23, 1, 0, 0, 0, 0, 0, 0, 0, 0]",1,0,"[52.10373082648674, 1.0, 0.0, 0.0, 0.0, 0.0, 0.0, 0.0, 0.0, 3.5190487428781725]",0,True,False,16,84.179,0.7725,rf,0.035785608728353756,0.11789280436417689,0.8
compas,0,42,3,142,4,"[23, 1, 0, 0, 0, 0, 0, 0, 0, 0]",1,0,"[38.55585156270984, 1.0, 0.0, 0.0, 0.0, 0.0, 0.0, 0.0, 0.0, 0.9169821490978558]",0,True,False,16,89.394,0.7725,rf,0.019046965865323003,0.10952348293266151,0.8
compas,0,42,3,144,0,"[26, 1, 0, 4, 1, 0, 1, 0, 1, 83]",1,1,"[59.51701956183179, 1.0, 0.0, 4.1219589070351335, 1.0, 0.0, 1.0, 0.0, 1.0, 83.0]",0,True,False,16,79.35,0.7725,rf,0.040996373006830004,0.12049818650341501,0.8
compas,0,42,3,144,1,"[26, 1, 0, 4, 1, 0, 1, 0, 1, 83]",1,1,"[58.35926294565631, 1.0, 0.0, 1.3142542243824522, 1.0, 0.0, 1.0, 0.0, 1.0, 83.0]",0,True,False,16,79.739,0.7725,rf,0.042148261563003296,0.12107413078150166,0.8
compas,0,42,3,144,2,"[26, 1, 0, 4, 1, 0, 1, 0, 1, 83]",1,1,"[56.70785112657721, 1.0, 0.0, 3.162323853779456, 1.0, 0.0, 1.0, 0.0, 1.0, 83.0]",0,True,False,16,79.496,0.7725,rf,0.038286275081070804,0.1191431375405354,0.8
compas,0,42,3,144,3,"[26, 1, 0, 4, 1, 0, 1, 0, 1, 83]",1,1,"[57.058695203813, 1.0, 0.0, 1.611917807618124, 1.0, 0.0, 1.0, 0.0, 1.0, 83.0]",0,True,False,16,79.139,0.7725,rf,0.040264539758007485,0.12013226987900374,0.8
compas,0,42,3,144,4,"[26, 1, 0, 4, 1, 0, 1, 0, 1, 83]",1,1,"[60.57230385767904, 1.0, 0.0, 4.8156801953221, 1.0, 0.0, 1.0, 0.0, 1.0, 83.0]",0,True,False,16,78.873,0.7725,rf,0.04297702636322337,0.12148851318161169,0.8
compas,0,42,3,145,0,"[20, 0, 2, 1, 1, 0, 1, 0, 1, 17]",1,1,"[61.995151107363476, 0.0, 2.0, 1.0, 1.0, 0.0, 1.0, 0.0, 1.0, 17.0]",0,True,False,16,79.457,0.7725,rf,0.051213598911418884,0.07560679945570944,0.9
compas,0,42,3,145,1,"[20, 0, 2, 1, 1, 0, 1, 0, 1, 17]",1,1,"[63.692540173446716, 0.0, 2.0, 1.0, 1.0, 0.0, 1.0, 0.0, 1.0, 17.0]",0,True,False,16,79.182,0.7725,rf,0.05328358557737405,0.07664179278868703,0.9
compas,0,42,3,145,2,"[20, 0, 2, 1, 1, 0, 1, 0, 1, 17]",1,1,"[61.381142476568016, 0.0, 2.0, 1.0, 1.0, 0.0, 1.0, 0.0, 1.0, 17.0]",0,True,False,16,79.139,0.7725,rf,0.05046480789825369,0.07523240394912685,0.9
compas,0,42,3,145,3,"[20, 0, 2, 1, 1, 0, 1, 0, 1, 17]",1,1,"[57.76589165619587, 0.0, 2.0, 1.0, 1.0, 0.0, 1.0, 0.0, 1.0, 17.0]",0,True,False,16,79.346,0.7725,rf,0.046055965434385206,0.0730279827171926,0.9
compas,0,42,3,145,4,"[20, 0, 2, 1, 1, 0, 1, 0, 1, 17]",1,1,"[58.32657870390472, 0.0, 2.0, 1.0, 1.0, 0.0, 1.0, 0.0, 1.0, 17.0]",0,True,False,16,79.194,0.7725,rf,0.04673973012671308,0.07336986506335655,0.9
compas,0,42,3,156,0,"[35, 1, 0, 13, 1, 0, 1, 0, 1, 5]",1,1,"[55.775104655104876, 1.0, 0.0, 0.0, 1.0, 0.0, 1.0, 0.0, 1.0, 5.0]",0,True,False,16,81.568,0.7725,rf,0.038335493481835216,0.11916774674091761,0.8
compas,0,42,3,156,1,"[35, 1, 0, 13, 1, 0, 1, 0, 1, 5]",1,1,"[58.5816421965152, 1.0, 0.0, 2.7644027096307813, 1.0, 0.0, 1.0, 0.0, 1.0, 5.0]",0,True,False,16,81.362,0.7725,rf,0.0389936975300219,0.11949684876501096,0.8
compas,0,42,3,156,2,"[35, 1, 0, 13, 1, 0, 1, 0, 1, 5]",1,1,"[56.68654533552166, 1.0, 0.0, 0.5608268176462344, 1.0, 0.0, 1.0, 0.0, 1.0, 5.0]",0,True,False,16,81.009,0.7725,rf,0.0388861796890875,0.11944308984454376,0.8
compas,0,42,3,156,3,"[35, 1, 0, 13, 1, 0, 1, 0, 1, 5]",1,1,"[58.67325426327172, 1.0, 0.0, 2.310351824392884, 1.0, 0.0, 1.0, 0.0, 1.0, 5.0]",0,True,False,16,80.889,0.7725,rf,0.039559470447889704,0.11977973522394486,0.8
compas,0,42,3,156,4,"[35, 1, 0, 13, 1, 0, 1, 0, 1, 5]",1,1,"[54.2909491731791, 1.0, 0.0, 0.04399062341664273, 1.0, 0.0, 1.0, 0.0, 1.0, 5.0]",0,True,False,16,80.858,0.7725,rf,0.036481557148752994,0.11824077857437651,0.8
compas,0,42,3,157,0,"[48, 1, 0, 25, 1, 0, 1, 1, 1, 6]",1,1,"[48.0, 1.0, 0.0, 5.79589683468155, 1.0, 0.0, 1.0, 1.0, 1.0, 6.0]",0,True,False,16,79.079,0.7725,rf,0.019204103165318454,0.05960205158265923,0.9
compas,0,42,3,157,1,"[48, 1, 0, 25, 1, 0, 1, 1, 1, 6]",1,1,"[48.0, 1.0, 0.0, 6.331043885199633, 1.0, 0.0, 1.0, 1.0, 1.0, 6.0]",0,True,False,16,78.979,0.7725,rf,0.018668956114800368,0.059334478057400185,0.9
compas,0,42,3,157,2,"[48, 1, 0, 25, 1, 0, 1, 1, 1, 6]",1,1,"[48.0, 1.0, 0.0, 5.396499008169636, 1.0, 0.0, 1.0, 1.0, 1.0, 6.0]",0,True,False,16,79.165,0.7725,rf,0.019603500991830367,0.059801750495915185,0.9
compas,0,42,3,157,3,"[48, 1, 0, 25, 1, 0, 1, 1, 1, 6]",1,1,"[48.0, 1.0, 0.0, 6.265476671325035, 1.0, 0.0, 1.0, 1.0, 1.0, 6.0]",0,True,False,16,78.849,0.7725,rf,0.018734523328674965,0.059367261664337485,0.9
compas,0,42,3,157,4,"[48, 1, 0, 25, 1, 0, 1, 1, 1, 6]",1,1,"[48.0, 1.0, 0.0, 5.876679153644687, 1.0, 0.0, 1.0, 1.0, 1.0, 6.0]",0,True,False,16,79.168,0.7725,rf,0.019123320846355315,0.05956166042317766,0.9
compas,0,42,3,167,0,"[23, 1, 0, 6, 1, 0, 1, 0, 1, 135]",1,1,"[54.440508054408, 1.0, 0.0, 1.4603747828943665, 1.0, 0.0, 1.0, 0.0, 1.0, 135.0]",0,True,False,16,77.253,0.7725,rf,0.042881708210286126,0.12144085410514308,0.8
compas,0,42,3,167,1,"[23, 1, 0, 6, 1, 0, 1, 0, 1, 135]",1,1,"[58.29404444699344, 1.0, 0.0, 6.0, 1.0, 0.0, 1.0, 0.0, 0.0, 135.0]",0,True,False,16,76.012,0.7725,rf,0.14304151761828468,0.17152075880914236,0.8
compas,0,42,3,167,2,"[23, 1, 0, 6, 1, 0, 1, 0, 1, 135]",1,1,"[58.914380679441564, 1.0, 0.0, 6.0, 1.0, 0.0, 1.0, 0.0, 0.0, 135.0]",0,True,False,16,76.164,0.7725,rf,0.1437980252188312,0.1718990126094156,0.8
compas,0,42,3,167,3,"[23, 1, 0, 6, 1, 0, 1, 0, 1, 135]",1,1,"[57.05971055393643, 1.0, 0.0, 6.0, 1.0, 0.0, 1.0, 0.0, 0.0, 135.0]",0,True,False,16,75.984,0.7725,rf,0.14153623238284932,0.17076811619142468,0.8
compas,0,42,3,167,4,"[23, 1, 0, 6, 1, 0, 1, 0, 1, 135]",1,1,"[57.32852446942569, 1.0, 0.0, 6.0, 1.0, 0.0, 1.0, 0.0, 0.0, 135.0]",0,True,False,16,75.87,0.7725,rf,0.14186405423100695,0.17093202711550348,0.8
compas,0,42,3,175,0,"[26, 1, 0, 5, 1, 0, 1, 0, 1, 3]",1,1,"[53.685400742752385, 1.0, 0.0, 1.4423394556268567, 1.0, 0.0, 1.0, 0.0, 1.0, 3.0]",0,True,False,16,82.736,0.7725,rf,0.03732034437699801,0.118660172188499,0.8
compas,0,42,3,175,1,"[26, 1, 0, 5, 1, 0, 1, 0, 1, 3]",1,1,"[54.63168622602031, 1.0, 0.0, 3.0050238695845053, 1.0, 0.0, 1.0, 0.0, 1.0, 3.0]",0,True,False,16,82.847,0.7725,rf,0.036911666649952456,0.11845583332497624,0.8
compas,0,42,3,175,2,"[26, 1, 0, 5, 1, 0, 1, 0, 1, 3]",1,1,"[55.41903199291622, 1.0, 0.0, 0.0, 1.0, 0.0, 1.0, 0.0, 1.0, 3.0]",0,True,False,16,82.598,0.7725,rf,0.04087686828404417,0.12043843414202209,0.8
compas,0,42,3,175,3,"[26, 1, 0, 5, 1, 0, 1, 0, 1, 3]",1,1,"[54.36092663565233, 1.0, 0.0, 3.4041015742937777, 1.0, 0.0, 1.0, 0.0, 1.0, 3.0]",0,True,False,16,82.442,0.7725,rf,0.03618239432284322,0.11809119716142161,0.8
compas,0,42,3,175,4,"[26, 1, 0, 5, 1, 0, 1, 0, 1, 3]",1,1,"[57.67844348105177, 1.0, 0.0, 1.4216794325745936, 1.0, 0.0, 1.0, 0.0, 1.0, 3.0]",0,True,False,16,83.485,0.7725,rf,0.04221056871504952,0.12110528435752477,0.8
compas,0,42,3,180,0,"[22, 1, 2, 2, 1, 1, 1, 1, 1, 13]",1,0,"[67.55455725553155, 1.0, 2.0, 2.0, 1.0, 1.0, 1.0, 1.0, 1.0, 13.0]",0,True,False,16,77.726,0.7725,rf,0.05555433811650189,0.07777716905825095,0.9
compas,0,42,3,180,1,"[22, 1, 2, 2, 1, 1, 1, 1, 1, 13]",1,0,"[70.70811652385092, 1.0, 2.0, 2.0, 1.0, 1.0, 1.0, 1.0, 1.0, 13.0]",0,True,False,16,77.701,0.7725,rf,0.05940014210225722,0.07970007105112861,0.9
compas,0,42,3,180,2,"[22, 1, 2, 2, 1, 1, 1, 1, 1, 13]",1,0,"[57.33832684009972, 1.0, 2.0, 2.0, 1.0, 1.0, 1.0, 1.0, 1.0, 13.0]",0,True,False,16,77.807,0.7725,rf,0.043095520536706976,0.0715477602683535,0.9
compas,0,42,3,180,3,"[22, 1, 2, 2, 1, 1, 1, 1, 1, 13]",1,0,"[60.305367579898316, 1.0, 2.0, 2.0, 1.0, 1.0, 1.0, 1.0, 1.0, 13.0]",0,True,False,16,78.04,0.7725,rf,0.04671386290231502,0.07335693145115751,0.9
compas,0,42,3,180,4,"[22, 1, 2, 2, 1, 1, 1, 1, 1, 13]",1,0,"[79.87475334749809, 1.0, 2.0, 2.0, 1.0, 1.0, 1.0, 1.0, 1.0, 13.0]",0,True,False,16,78.444,0.7725,rf,0.07057896749694889,0.08528948374847445,0.9
compas,0,42,3,182,0,"[23, 1, 0, 2, 1, 0, 1, 1, 1, 6]",1,1,"[51.422052431274395, 1.0, 0.0, 2.0, 1.0, 0.0, 1.0, 1.0, 1.0, 6.0]",0,True,False,16,81.295,0.7725,rf,0.03466103955033463,0.06733051977516732,0.9
compas,0,42,3,182,1,"[23, 1, 0, 2, 1, 0, 1, 1, 1, 6]",1,1,"[52.257908869926204, 1.0, 0.0, 2.0, 1.0, 0.0, 1.0, 1.0, 1.0, 6.0]",0,True,False,16,80.851,0.7725,rf,0.035680376670641716,0.06784018833532086,0.9
compas,0,42,3,182,2,"[23, 1, 0, 2, 1, 0, 1, 1, 1, 6]",1,1,"[51.575107225938645, 1.0, 0.0, 2.0, 1.0, 0.0, 1.0, 1.0, 1.0, 6.0]",0,True,False,16,80.466,0.7725,rf,0.03484769173894957,0.06742384586947478,0.9
compas,0,42,3,182,3,"[23, 1, 0, 2, 1, 0, 1, 1, 1, 6]",1,1,"[43.17049473775867, 1.0, 0.0, 2.0, 1.0, 0.0, 1.0, 1.0, 1.0, 6.0]",0,True,False,16,79.919,0.7725,rf,0.024598164314339848,0.06229908215716993,0.9
compas,0,42,3,182,4,"[23, 1, 0, 2, 1, 0, 1, 1, 1, 6]",1,1,"[53.464745278556684, 1.0, 0.0, 2.0, 1.0, 0.0, 1.0, 1.0, 1.0, 6.0]",0,True,False,16,81.113,0.7725,rf,0.037152128388483766,0.06857606419424189,0.9
compas,0,42,3,183,0,"[51, 1, 0, 17, 0, 1, 0, 0, 0, 0]",1,0,"[51.0, 1.0, 0.0, 12.873259993791585, 0.0, 1.0, 0.0, 0.0, 0.0, 0.29960529428941785]",0,True,False,16,84.972,0.7725,rf,0.004151707114065867,0.10207585355703294,0.8
compas,0,42,3,183,1,"[51, 1, 0, 17, 0, 1, 0, 0, 0, 0]",1,0,"[51.0, 1.0, 0.0, 9.9942625810687, 0.0, 1.0, 0.0, 0.0, 0.0, 0.3886170134596023]",0,True,False,16,85.265,0.7725,rf,0.007038122170052934,0.10351906108502647,0.8
compas,0,42,3,183,2,"[51, 1, 0, 17, 0, 1, 0, 0, 0, 0]",1,0,"[51.0, 1.0, 0.0, 10.420040396455688, 0.0, 1.0, 0.0, 0.0, 0.0, 4.5487298296602585]",0,True,False,16,84.005,0.7725,rf,0.006959020422682667,0.10347951021134134,0.8
compas,0,42,3,183,3,"[51, 1, 0, 17, 0, 1, 0, 0, 0, 0]",1,0,"[51.0, 1.0, 0.0, 12.493741271170245, 0.0, 1.0, 0.0, 0.0, 0.0, 2.236850033805071]",0,True,False,16,84.442,0.7725,rf,0.004692662898313511,0.10234633144915677,0.8
compas,0,42,3,183,4,"[51, 1, 0, 17, 0, 1, 0, 0, 0, 0]",1,0,"[51.0, 1.0, 0.0, 12.974316106901977, 0.0, 1.0, 0.0, 0.0, 0.0, 0.4548212180269906]",0,True,False,16,85.929,0.7725,rf,0.0040635856612669385,0.10203179283063347,0.8
compas,0,42,3,187,0,"[56, 1, 0, 8, 106, 0, 0, 0, 0, 72]",1,0,"[56.0, 1.0, 0.0, 2.473372917832517, 106.0, 0.0, 0.0, 0.0, 0.0, 72.0]",0,True,False,16,76.709,0.7725,rf,0.005526627082167484,0.052763313541083746,0.9
compas,0,42,3,187,1,"[56, 1, 0, 8, 106, 0, 0, 0, 0, 72]",1,0,"[56.0, 1.0, 0.0, 2.4883559778710707, 106.0, 0.0, 0.0, 0.0, 0.0, 72.0]",0,True,False,16,76.519,0.7725,rf,0.00551164402212893,0.05275582201106447,0.9
compas,0,42,3,187,2,"[56, 1, 0, 8, 106, 0, 0, 0, 0, 72]",1,0,"[56.0, 1.0, 0.0, 2.4931540886113295, 106.0, 0.0, 0.0, 0.0, 0.0, 72.0]",0,True,False,16,76.626,0.7725,rf,0.005506845911388671,0.05275342295569434,0.9
compas,0,42,3,187,3,"[56, 1, 0, 8, 106, 0, 0, 0, 0, 72]",1,0,"[56.0, 1.0, 0.0, 2.4988393101124413, 106.0, 0.0, 0.0, 0.0, 0.0, 72.0]",0,True,False,16,76.721,0.7725,rf,0.005501160689887559,0.05275058034494378,0.9
compas,0,42,3,187,4,"[56, 1, 0, 8, 106, 0, 0, 0, 0, 72]",1,0,"[56.0, 1.0, 0.0, 2.498731831917775, 106.0, 0.0, 0.0, 0.0, 0.0, 72.0]",0,True,False,16,77.38,0.7725,rf,0.005501268168082225,0.05275063408404111,0.9
compas,0,42,3,205,0,"[30, 1, 0, 10, 92, 0, 0, 0, 0, 105]",1,0,"[51.21076427536819, 1.0, 0.0, 2.490196340270434, 92.0, 0.0, 0.0, 0.0, 0.0, 105.0]",0,True,False,16,77.405,0.7725,rf,0.03337658936139809,0.11668829468069905,0.8
compas,0,42,3,205,1,"[30, 1, 0, 10, 92, 0, 0, 0, 0, 105]",1,0,"[52.717251195941465, 1.0, 0.0, 3.0078205219082, 92.0, 0.0, 0.0, 0.0, 0.0, 105.0]",0,True,False,16,76.885,0.7725,rf,0.03469614435119115,0.11734807217559558,0.8
compas,0,42,3,205,2,"[30, 1, 0, 10, 92, 0, 0, 0, 0, 105]",1,0,"[52.93637948690005, 1.0, 0.0, 3.3853468054619196, 92.0, 0.0, 0.0, 0.0, 0.0, 105.0]",0,True,False,16,76.893,0.7725,rf,0.034585847690757655,0.11729292384537883,0.8
compas,0,42,3,205,3,"[30, 1, 0, 10, 92, 0, 0, 0, 0, 105]",1,0,"[53.41460672318432, 1.0, 0.0, 3.489007037078093, 92.0, 0.0, 0.0, 0.0, 0.0, 105.0]",0,True,False,16,76.682,0.7725,rf,0.035065391405829614,0.11753269570291482,0.8
compas,0,42,3,205,4,"[30, 1, 0, 10, 92, 0, 0, 0, 0, 105]",1,0,"[52.28383067920382, 1.0, 0.0, 3.4557062393145572, 92.0, 0.0, 0.0, 0.0, 0.0, 105.0]",0,True,False,16,77.883,0.7725,rf,0.03371969702800717,0.11685984851400359,0.8
compas,0,42,3,207,0,"[43, 1, 0, 9, 1, 0, 1, 1, 1, 0]",1,0,"[43.0, 1.0, 0.0, 4.296096402479311, 1.0, 0.0, 1.0, 1.0, 1.0, 0.0]",0,True,False,16,82.172,0.7725,rf,0.00470390359752069,0.05235195179876035,0.9
compas,0,42,3,207,1,"[43, 1, 0, 9, 1, 0, 1, 1, 1, 0]",1,0,"[43.0, 1.0, 0.0, 5.491167926908227, 1.0, 0.0, 1.0, 1.0, 1.0, 0.0]",0,True,False,16,81.892,0.7725,rf,0.003508832073091773,0.05175441603654589,0.9
compas,0,42,3,207,2,"[43, 1, 0, 9, 1, 0, 1, 1, 1, 0]",1,0,"[43.0, 1.0, 0.0, 4.932999737037555, 1.0, 0.0, 1.0, 1.0, 1.0, 0.0]",0,True,False,16,81.796,0.7725,rf,0.004067000262962445,0.052033500131481225,0.9
compas,0,42,3,207,3,"[43, 1, 0, 9, 1, 0, 1, 1, 1, 0]",1,0,"[43.0, 1.0, 0.0, 4.895342921077253, 1.0, 0.0, 1.0, 1.0, 1.0, 0.0]",0,True,False,16,81.855,0.7725,rf,0.004104657078922747,0.05205232853946137,0.9
compas,0,42,3,207,4,"[43, 1, 0, 9, 1, 0, 1, 1, 1, 0]",1,0,"[43.0, 1.0, 0.0, 5.377216900713614, 1.0, 0.0, 1.0, 1.0, 1.0, 0.0]",0,True,False,16,82.832,0.7725,rf,0.0036227830992863865,0.0518113915496432,0.9
compas,0,42,3,221,0,"[20, 1, 3, 2, 9, 0, 1, 0, 1, 192]",1,1,"[50.105743360725285, 1.0, 3.0, 2.0, 9.0, 0.0, 1.0, 0.0, 1.0, 192.0]",0,True,False,16,77.51,0.7725,rf,0.0367143211716162,0.0683571605858081,0.9
compas,0,42,3,221,1,"[20, 1, 3, 2, 9, 0, 1, 0, 1, 192]",1,1,"[48.97359159925733, 1.0, 3.0, 2.0, 9.0, 0.0, 1.0, 0.0, 1.0, 192.0]",0,True,False,16,77.911,0.7725,rf,0.03533364829177724,0.06766682414588862,0.9
compas,0,42,3,221,2,"[20, 1, 3, 2, 9, 0, 1, 0, 1, 192]",1,1,"[54.598944589560816, 1.0, 3.0, 2.0, 9.0, 0.0, 1.0, 0.0, 1.0, 192.0]",0,True,False,16,76.933,0.7725,rf,0.042193834865318074,0.07109691743265904,0.9
compas,0,42,3,221,3,"[20, 1, 3, 2, 9, 0, 1, 0, 1, 192]",1,1,"[59.61454170462606, 1.0, 3.0, 2.0, 9.0, 0.0, 1.0, 0.0, 1.0, 192.0]",0,True,False,16,76.845,0.7725,rf,0.04831041671295862,0.07415520835647932,0.9
compas,0,42,3,221,4,"[20, 1, 3, 2, 9, 0, 1, 0, 1, 192]",1,1,"[60.60588163319807, 1.0, 3.0, 2.0, 9.0, 0.0, 1.0, 0.0, 1.0, 192.0]",0,True,False,16,76.45,0.7725,rf,0.049519367845363496,0.07475968392268176,0.9
compas,0,42,3,224,0,"[25, 1, 0, 4, 1, 0, 1, 0, 1, 32]",1,0,"[54.86075161514483, 1.0, 0.0, 0.9759156347906028, 1.0, 0.0, 1.0, 0.0, 1.0, 32.0]",0,True,False,16,82.316,0.7725,rf,0.039439635115386014,0.11971981755769301,0.8
compas,0,42,3,224,1,"[25, 1, 0, 4, 1, 0, 1, 0, 1, 32]",1,0,"[54.28652290103082, 1.0, 0.0, 1.3984506872493556, 1.0, 0.0, 1.0, 0.0, 1.0, 32.0]",0,True,False,16,80.851,0.7725,rf,0.03831682114327604,0.11915841057163802,0.8
compas,0,42,3,224,2,"[25, 1, 0, 4, 1, 0, 1, 0, 1, 32]",1,0,"[53.77898600250751, 1.0, 0.0, 1.9718205574398573, 1.0, 0.0, 1.0, 0.0, 1.0, 32.0]",0,True,False,16,81.039,0.7725,rf,0.03712450383586199,0.118562251917931,0.8
compas,0,42,3,224,3,"[25, 1, 0, 4, 1, 0, 1, 0, 1, 32]",1,0,"[54.74263222125654, 1.0, 0.0, 2.892393148692718, 1.0, 0.0, 1.0, 0.0, 1.0, 32.0]",0,True,False,16,80.827,0.7725,rf,0.03737910956015672,0.11868955478007837,0.8
compas,0,42,3,224,4,"[25, 1, 0, 4, 1, 0, 1, 0, 1, 32]",1,0,"[57.758547912837926, 1.0, 0.0, 2.9347658497775098, 1.0, 0.0, 1.0, 0.0, 1.0, 32.0]",0,True,False,16,80.792,0.7725,rf,0.04101468282441509,0.12050734141220755,0.8
compas,0,42,3,229,0,"[28, 1, 0, 5, 1, 0, 1, 0, 1, 51]",1,0,"[57.94393050437667, 1.0, 0.0, 2.9937077601791233, 1.0, 0.0, 1.0, 0.0, 1.0, 51.0]",0,True,False,16,80.004,0.7725,rf,0.03852328065979243,0.11926164032989622,0.8
compas,0,42,3,229,1,"[28, 1, 0, 5, 1, 0, 1, 0, 1, 51]",1,0,"[59.35875323302932, 1.0, 0.0, 3.478072343998531, 1.0, 0.0, 1.0, 0.0, 1.0, 51.0]",0,True,False,16,79.009,0.7725,rf,0.03976430964750064,0.11988215482375032,0.8
compas,0,42,3,229,2,"[28, 1, 0, 5, 1, 0, 1, 0, 1, 51]",1,0,"[60.70947893719513, 1.0, 0.0, 3.3456983875281674, 1.0, 0.0, 1.0, 0.0, 1.0, 51.0]",0,True,False,16,79.066,0.7725,rf,0.04154391007246589,0.12077195503623295,0.8
compas,0,42,3,229,3,"[28, 1, 0, 5, 1, 0, 1, 0, 1, 51]",1,0,"[60.59421053488831, 1.0, 0.0, 5.032274252563851, 1.0, 0.0, 1.0, 0.0, 1.0, 51.0]",0,True,False,16,78.986,0.7725,rf,0.03978131149023253,0.11989065574511627,0.8
compas,0,42,3,229,4,"[28, 1, 0, 5, 1, 0, 1, 0, 1, 51]",1,0,"[59.729799070739126, 1.0, 0.0, 5.470945577824482, 1.0, 0.0, 1.0, 0.0, 1.0, 51.0]",0,True,False,16,79.014,0.7725,rf,0.03916582249336001,0.11958291124668001,0.8
compas,0,42,3,234,0,"[20, 1, 5, 8, 1, 0, 1, 1, 1, 1]",1,1,"[62.294243415165056, 1.0, 5.0, 8.0, 1.0, 0.0, 1.0, 1.0, 1.0, 1.0]",0,True,False,16,78.333,0.7725,rf,0.05157834562825007,0.07578917281412503,0.9
compas,0,42,3,234,1,"[20, 1, 5, 8, 1, 0, 1, 1, 1, 1]",1,1,"[80.62759377358068, 1.0, 5.0, 8.0, 1.0, 0.0, 1.0, 1.0, 1.0, 1.0]",0,True,False,16,76.906,0.7725,rf,0.07393608996778132,0.08696804498389066,0.9
compas,0,42,3,234,2,"[20, 1, 5, 8, 1, 0, 1, 1, 1, 1]",1,1,"[78.87918551216549, 1.0, 5.0, 8.0, 1.0, 0.0, 1.0, 1.0, 1.0, 1.0]",0,True,False,16,76.981,0.7725,rf,0.07180388477093352,0.08590194238546676,0.9
compas,0,42,3,234,3,"[20, 1, 5, 8, 1, 0, 1, 1, 1, 1]",1,1,"[63.67522193998779, 1.0, 5.0, 8.0, 1.0, 0.0, 1.0, 1.0, 1.0, 1.0]",0,True,False,16,76.712,0.7725,rf,0.053262465780472924,0.07663123289023646,0.9
compas,0,42,3,234,4,"[20, 1, 5, 8, 1, 0, 1, 1, 1, 1]",1,1,"[70.22424596442616, 1.0, 5.0, 8.0, 1.0, 0.0, 1.0, 1.0, 1.0, 1.0]",0,True,False,16,76.896,0.7725,rf,0.06124908044442215,0.08062454022221108,0.9
compas,0,42,3,237,0,"[21, 1, 2, 1, 0, 0, 1, 0, 1, 36]",1,1,"[57.38965376016437, 1.0, 2.0, 1.0, 0.0, 0.0, 1.0, 0.0, 1.0, 36.0]",0,True,False,16,80.377,0.7725,rf,0.04437762653678582,0.07218881326839291,0.9
compas,0,42,3,237,1,"[21, 1, 2, 1, 0, 0, 1, 0, 1, 36]",1,1,"[59.665871969978866, 1.0, 2.0, 1.0, 0.0, 0.0, 1.0, 0.0, 1.0, 36.0]",0,True,False,16,78.645,0.7725,rf,0.047153502402413255,0.07357675120120663,0.9
compas,0,42,3,237,2,"[21, 1, 2, 1, 0, 0, 1, 0, 1, 36]",1,1,"[59.39020287694426, 1.0, 2.0, 1.0, 0.0, 0.0, 1.0, 0.0, 1.0, 36.0]",0,True,False,16,78.797,0.7725,rf,0.04681732058163934,0.07340866029081967,0.9
compas,0,42,3,237,3,"[21, 1, 2, 1, 0, 0, 1, 0, 1, 36]",1,1,"[52.94081381645466, 1.0, 2.0, 1.0, 0.0, 0.0, 1.0, 0.0, 1.0, 36.0]",0,True,False,16,78.759,0.7725,rf,0.03895221197128617,0.06947610598564309,0.9
compas,0,42,3,237,4,"[21, 1, 2, 1, 0, 0, 1, 0, 1, 36]",1,1,"[55.17108245963637, 1.0, 2.0, 1.0, 0.0, 0.0, 1.0, 0.0, 1.0, 36.0]",0,True,False,16,78.694,0.7725,rf,0.04167205178004435,0.07083602589002218,0.9
compas,0,42,3,239,0,"[35, 1, 0, 4, 1, 0, 1, 0, 1, 353]",1,1,"[56.86983779447414, 1.0, 0.0, 3.3777074967396983, 1.0, 0.0, 1.0, 0.0, 1.0, 353.0]",0,True,False,16,77.661,0.7725,rf,0.027292826398960468,0.11364641319948024,0.8
compas,0,42,3,239,1,"[35, 1, 0, 4, 1, 0, 1, 0, 1, 353]",1,1,"[54.46606225172505, 1.0, 0.0, 1.2637770589538437, 1.0, 0.0, 1.0, 0.0, 1.0, 353.0]",0,True,False,16,76.462,0.7725,rf,0.026475323248027923,0.11323766162401397,0.8
compas,0,42,3,239,2,"[35, 1, 0, 4, 1, 0, 1, 0, 1, 353]",1,1,"[54.36593331792311, 1.0, 0.0, 0.6205465691389661, 1.0, 0.0, 1.0, 0.0, 1.0, 353.0]",0,True,False,16,76.395,0.7725,rf,0.026996445281986775,0.1134982226409934,0.8
compas,0,42,3,239,3,"[35, 1, 0, 4, 1, 0, 1, 0, 1, 353]",1,1,"[42.8941650640322, 1.0, 0.0, 4.0, 1.0, 0.0, 1.0, 0.0, 0.0, 353.0]",0,True,False,16,76.852,0.7725,rf,0.10962703056589294,0.15481351528294648,0.8
compas,0,42,3,239,4,"[35, 1, 0, 4, 1, 0, 1, 0, 1, 353]",1,1,"[58.98661037464702, 1.0, 0.0, 2.98004872486084, 1.0, 0.0, 1.0, 0.0, 1.0, 353.0]",0,True,False,16,76.256,0.7725,rf,0.030271915146659917,0.11513595757332996,0.8
compas,0,42,3,248,0,"[20, 1, 0, 2, 56, 0, 1, 0, 1, 56]",1,1,"[54.483701059878776, 1.0, 0.0, 0.0, 56.0, 0.0, 1.0, 0.0, 1.0, 56.0]",0,True,False,16,77.597,0.7725,rf,0.04405329397546193,0.12202664698773097,0.8
compas,0,42,3,248,1,"[20, 1, 0, 2, 56, 0, 1, 0, 1, 56]",1,1,"[59.78080183859863, 1.0, 0.0, 2.045589735533457, 56.0, 0.0, 1.0, 0.0, 1.0, 56.0]",0,True,False,16,76.646,0.7725,rf,0.048558762709434225,0.12427938135471711,0.8
compas,0,42,3,248,2,"[20, 1, 0, 2, 56, 0, 1, 0, 1, 56]",1,1,"[56.022381799757014, 1.0, 0.0, 1.8492046644599496, 56.0, 0.0, 1.0, 0.0, 1.0, 56.0]",0,True,False,16,77.098,0.7725,rf,0.04408052923768275,0.12204026461884138,0.8
compas,0,42,3,248,3,"[20, 1, 0, 2, 56, 0, 1, 0, 1, 56]",1,1,"[52.12630370821311, 1.0, 0.0, 1.6443401009463758, 56.0, 0.0, 1.0, 0.0, 1.0, 56.0]",0,True,False,16,77.062,0.7725,rf,0.03953407905541107,0.11976703952770554,0.8
compas,0,42,3,248,4,"[20, 1, 0, 2, 56, 0, 1, 0, 1, 56]",1,1,"[55.36582760902121, 1.0, 0.0, 0.0, 56.0, 0.0, 1.0, 0.0, 1.0, 56.0]",0,True,False,16,76.681,0.7725,rf,0.045129058059781964,0.12256452902989098,0.8
compas,0,42,3,251,0,"[25, 1, 0, 15, 1, 0, 1, 1, 1, 2]",1,1,"[49.65668307143003, 1.0, 0.0, 5.327677306143972, 1.0, 0.0, 1.0, 1.0, 1.0, 2.0]",0,True,False,16,79.226,0.7725,rf,0.03974144839072192,0.11987072419536096,0.8
compas,0,42,3,251,1,"[25, 1, 0, 15, 1, 0, 1, 1, 1, 2]",1,1,"[58.191554840685846, 1.0, 0.0, 7.223366285750776, 1.0, 0.0, 1.0, 1.0, 1.0, 2.0]",0,True,False,16,78.062,0.7725,rf,0.04825413961752465,0.12412706980876233,0.8
compas,0,42,3,251,2,"[25, 1, 0, 15, 1, 0, 1, 1, 1, 2]",1,1,"[56.070960861038785, 1.0, 0.0, 5.617731857418523, 1.0, 0.0, 1.0, 1.0, 1.0, 2.0]",0,True,False,16,78.101,0.7725,rf,0.047273683826775124,0.12363684191338757,0.8
compas,0,42,3,251,3,"[25, 1, 0, 15, 1, 0, 1, 1, 1, 2]",1,1,"[53.90920706459983, 1.0, 0.0, 5.9419468359816205, 1.0, 0.0, 1.0, 1.0, 1.0, 2.0]",0,True,False,16,77.99,0.7725,rf,0.04431318373060355,0.12215659186530178,0.8
compas,0,42,3,251,4,"[25, 1, 0, 15, 1, 0, 1, 1, 1, 2]",1,1,"[49.08992058493076, 1.0, 0.0, 5.649286718068772, 1.0, 0.0, 1.0, 1.0, 1.0, 2.0]",0,True,False,16,78.46,0.7725,rf,0.03872866521477362,0.11936433260738681,0.8
compas,0,42,3,256,0,"[19, 1, 0, 2, 21, 0, 1, 0, 1, 14]",1,1,"[60.08388481496143, 1.0, 0.0, 2.0, 21.0, 0.0, 1.0, 0.0, 1.0, 14.0]",0,True,False,16,81.432,0.7725,rf,0.05010229855483102,0.07505114927741552,0.9
compas,0,42,3,256,1,"[19, 1, 0, 2, 21, 0, 1, 0, 1, 14]",1,1,"[59.51742907502146, 1.0, 0.0, 2.0, 21.0, 0.0, 1.0, 0.0, 1.0, 14.0]",0,True,False,16,81.184,0.7725,rf,0.0494114988719774,0.0747057494359887,0.9
compas,0,42,3,256,2,"[19, 1, 0, 2, 21, 0, 1, 0, 1, 14]",1,1,"[60.66283788161794, 1.0, 0.0, 2.0, 21.0, 0.0, 1.0, 0.0, 1.0, 14.0]",0,True,False,16,81.12,0.7725,rf,0.050808338880021876,0.07540416944001094,0.9
compas,0,42,3,256,3,"[19, 1, 0, 2, 21, 0, 1, 0, 1, 14]",1,1,"[58.45453759559589, 1.0, 0.0, 2.0, 21.0, 0.0, 1.0, 0.0, 1.0, 14.0]",0,True,False,16,81.036,0.7725,rf,0.048115289750726695,0.07405764487536334,0.9
compas,0,42,3,256,4,"[19, 1, 0, 2, 21, 0, 1, 0, 1, 14]",1,1,"[60.62305315957863, 1.0, 0.0, 2.0, 21.0, 0.0, 1.0, 0.0, 1.0, 14.0]",0,True,False,16,80.991,0.7725,rf,0.050759820926315403,0.0753799104631577,0.9
compas,0,42,3,261,0,"[33, 1, 0, 16, 243, 1, 1, 0, 1, 0]",1,1,"[37.13905958130723, 1.0, 0.0, 0.5040223168336327, 243.0, 1.0, 1.0, 0.0, 0.0, 0.0]",0,True,False,16,73.506,0.7725,rf,0.1205436113189069,0.21027180565945347,0.7
compas,0,42,3,261,1,"[33, 1, 0, 16, 243, 1, 1, 0, 1, 0]",1,1,"[37.8028560346729, 1.0, 0.0, 0.4051749741742827, 243.0, 1.0, 1.0, 0.0, 0.0, 0.0]",0,True,False,16,73.191,0.7725,rf,0.12145196653152437,0.2107259832657622,0.7
compas,0,42,3,261,2,"[33, 1, 0, 16, 243, 1, 1, 0, 1, 0]",1,1,"[50.10499610892236, 1.0, 0.0, 1.4098753386749903, 243.0, 1.0, 1.0, 0.0, 0.0, 0.0]",0,True,False,16,72.342,0.7725,rf,0.13544987601366937,0.2177249380068347,0.7
compas,0,42,3,261,3,"[33, 1, 0, 16, 243, 1, 1, 0, 1, 0]",1,1,"[46.699674401526785, 1.0, 0.0, 0.0, 243.0, 1.0, 1.0, 0.0, 0.0, 0.0]",0,True,False,16,72.589,0.7725,rf,0.13270692000186193,0.21635346000093097,0.7
compas,0,42,3,261,4,"[33, 1, 0, 16, 243, 1, 1, 0, 1, 0]",1,1,"[40.06126899812571, 1.0, 0.0, 1.4285478461774026, 243.0, 1.0, 1.0, 0.0, 0.0, 0.0]",0,True,False,16,72.486,0.7725,rf,0.12318275581007349,0.21159137790503676,0.7
compas,0,42,3,265,0,"[27, 1, 0, 3, 1, 0, 1, 1, 1, 0]",1,1,"[44.79948831437256, 1.0, 0.0, 3.0, 1.0, 0.0, 1.0, 1.0, 1.0, 0.0]",0,True,False,16,81.671,0.7725,rf,0.021706693066308,0.060853346533154,0.9
compas,0,42,3,265,1,"[27, 1, 0, 3, 1, 0, 1, 1, 1, 0]",1,1,"[53.37969179811404, 1.0, 0.0, 3.0, 1.0, 0.0, 1.0, 1.0, 1.0, 0.0]",0,True,False,16,81.446,0.7725,rf,0.032170355851358585,0.06608517792567929,0.9
compas,0,42,3,265,2,"[27, 1, 0, 3, 1, 0, 1, 1, 1, 0]",1,1,"[56.850865764133665, 1.0, 0.0, 3.0, 1.0, 0.0, 1.0, 1.0, 1.0, 0.0]",0,True,False,16,81.145,0.7725,rf,0.036403494834309345,0.06820174741715468,0.9
compas,0,42,3,265,3,"[27, 1, 0, 3, 1, 0, 1, 1, 1, 0]",1,1,"[56.20668025316446, 1.0, 0.0, 3.0, 1.0, 0.0, 1.0, 1.0, 1.0, 0.0]",0,True,False,16,81.399,0.7725,rf,0.03561790274776153,0.06780895137388077,0.9
compas,0,42,3,265,4,"[27, 1, 0, 3, 1, 0, 1, 1, 1, 0]",1,1,"[49.41441674846479, 1.0, 0.0, 3.0, 1.0, 0.0, 1.0, 1.0, 1.0, 0.0]",0,True,False,16,81.507,0.7725,rf,0.027334654571298522,0.06366732728564926,0.9
compas,0,42,3,267,0,"[21, 0, 0, 1, 11, 1, 1, 0, 1, 1]",1,0,"[37.77898057158077, 0.0, 0.0, 1.0, 11.0, 1.0, 1.0, 0.0, 0.0, 1.0]",0,True,False,16,75.84,0.7725,rf,0.12046217142875704,0.16023108571437852,0.8
compas,0,42,3,267,1,"[21, 0, 0, 1, 11, 1, 1, 0, 1, 1]",1,0,"[38.03587029148771, 0.0, 0.0, 1.0, 11.0, 1.0, 1.0, 0.0, 0.0, 1.0]",0,True,False,16,75.747,0.7725,rf,0.12077545157498502,0.16038772578749252,0.8
compas,0,42,3,267,2,"[21, 0, 0, 1, 11, 1, 1, 0, 1, 1]",1,0,"[41.339277812217105, 0.0, 0.0, 1.0, 11.0, 1.0, 1.0, 0.0, 0.0, 1.0]",0,True,False,16,75.721,0.7725,rf,0.12480399733197207,0.16240199866598604,0.8
compas,0,42,3,267,3,"[21, 0, 0, 1, 11, 1, 1, 0, 1, 1]",1,0,"[39.12824104904358, 0.0, 0.0, 1.0, 11.0, 1.0, 1.0, 0.0, 0.0, 1.0]",0,True,False,16,75.612,0.7725,rf,0.122107611035419,0.1610538055177095,0.8
compas,0,42,3,267,4,"[21, 0, 0, 1, 11, 1, 1, 0, 1, 1]",1,0,"[38.922454996965, 0.0, 0.0, 1.0, 11.0, 1.0, 1.0, 0.0, 0.0, 1.0]",0,True,False,16,75.632,0.7725,rf,0.12185665243532318,0.1609283262176616,0.8
compas,0,42,3,271,0,"[26, 0, 0, 1, 1, 0, 1, 0, 1, 27]",1,0,"[60.40683712702247, 0.0, 0.0, 1.0, 1.0, 0.0, 1.0, 0.0, 1.0, 27.0]",0,True,False,16,77.391,0.7725,rf,0.041959557471978624,0.07097977873598932,0.9
compas,0,42,3,271,1,"[26, 0, 0, 1, 1, 0, 1, 0, 1, 27]",1,0,"[60.036441147174024, 0.0, 0.0, 1.0, 1.0, 0.0, 1.0, 0.0, 1.0, 27.0]",0,True,False,16,77.236,0.7725,rf,0.0415078550575293,0.07075392752876465,0.9
compas,0,42,3,271,2,"[26, 0, 0, 1, 1, 0, 1, 0, 1, 27]",1,0,"[58.21312769081052, 0.0, 0.0, 1.0, 1.0, 0.0, 1.0, 0.0, 1.0, 27.0]",0,True,False,16,77.272,0.7725,rf,0.03928430206196406,0.06964215103098204,0.9
compas,0,42,3,271,3,"[26, 0, 0, 1, 1, 0, 1, 0, 1, 27]",1,0,"[62.58019896827585, 0.0, 0.0, 1.0, 1.0, 0.0, 1.0, 0.0, 1.0, 27.0]",0,True,False,16,77.239,0.7725,rf,0.04460999874179982,0.07230499937089992,0.9
compas,0,42,3,271,4,"[26, 0, 0, 1, 1, 0, 1, 0, 1, 27]",1,0,"[60.1176469568828, 0.0, 0.0, 1.0, 1.0, 0.0, 1.0, 0.0, 1.0, 27.0]",0,True,False,16,77.177,0.7725,rf,0.04160688653278391,0.07080344326639196,0.9
compas,0,42,3,283,0,"[54, 1, 2, 14, 1, 1, 1, 1, 1, 28]",1,0,"[54.0, 1.0, 2.0, 6.375039818669623, 1.0, 1.0, 1.0, 1.0, 1.0, 28.0]",0,True,False,16,76.095,0.7725,rf,0.007624960181330378,0.05381248009066519,0.9
compas,0,42,3,283,1,"[54, 1, 2, 14, 1, 1, 1, 1, 1, 28]",1,0,"[54.0, 1.0, 2.0, 4.3294150346617455, 1.0, 1.0, 1.0, 1.0, 1.0, 28.0]",0,True,False,16,75.568,0.7725,rf,0.009670584965338255,0.05483529248266913,0.9
compas,0,42,3,283,2,"[54, 1, 2, 14, 1, 1, 1, 1, 1, 28]",1,0,"[54.0, 1.0, 2.0, 3.8277467624297596, 1.0, 1.0, 1.0, 1.0, 1.0, 28.0]",0,True,False,16,75.837,0.7725,rf,0.01017225323757024,0.05508612661878512,0.9
compas,0,42,3,283,3,"[54, 1, 2, 14, 1, 1, 1, 1, 1, 28]",1,0,"[54.0, 1.0, 2.0, 6.461299097757009, 1.0, 1.0, 1.0, 1.0, 1.0, 28.0]",0,True,False,16,75.648,0.7725,rf,0.007538700902242991,0.053769350451121495,0.9
compas,0,42,3,283,4,"[54, 1, 2, 14, 1, 1, 1, 1, 1, 28]",1,0,"[54.0, 1.0, 2.0, 6.023299005090976, 1.0, 1.0, 1.0, 1.0, 1.0, 28.0]",0,True,False,16,75.562,0.7725,rf,0.007976700994909025,0.05398835049745451,0.9
compas,0,42,3,292,0,"[26, 1, 0, 14, 0, 0, 1, 0, 1, 1]",1,1,"[58.14191700097373, 1.0, 0.0, 3.8941920222673647, 0.0, 0.0, 1.0, 0.0, 1.0, 1.0]",0,True,False,16,81.907,0.7725,rf,0.04930326773501767,0.12465163386750884,0.8
compas,0,42,3,292,1,"[26, 1, 0, 14, 0, 0, 1, 0, 1, 1]",1,1,"[61.03318074124371, 1.0, 0.0, 5.270060713463804, 0.0, 0.0, 1.0, 0.0, 1.0, 1.0]",0,True,False,16,82.462,0.7725,rf,0.05145333043439439,0.1257266652171972,0.8
compas,0,42,3,292,2,"[26, 1, 0, 14, 0, 0, 1, 0, 1, 1]",1,1,"[57.03461733899904, 1.0, 0.0, 1.1881570044572993, 0.0, 0.0, 1.0, 0.0, 1.0, 1.0]",0,True,False,16,83.012,0.7725,rf,0.050658937311395195,0.1253294686556976,0.8
compas,0,42,3,292,3,"[26, 1, 0, 14, 0, 0, 1, 0, 1, 1]",1,1,"[59.720294572251284, 1.0, 0.0, 5.313375363930589, 0.0, 0.0, 1.0, 0.0, 1.0, 1.0]",0,True,False,16,82.211,0.7725,rf,0.049808935090034395,0.1249044675450172,0.8
compas,0,42,3,292,4,"[26, 1, 0, 14, 0, 0, 1, 0, 1, 1]",1,1,"[56.631749279744504, 1.0, 0.0, 1.3020125014264305, 0.0, 0.0, 1.0, 0.0, 1.0, 1.0]",0,True,False,16,81.954,0.7725,rf,0.050053779303140034,0.12502688965157002,0.8
compas,0,42,3,296,0,"[38, 1, 0, 10, 0, 0, 1, 0, 1, 10]",1,0,"[56.08599085382336, 1.0, 0.0, 1.4677468335328125, 0.0, 0.0, 1.0, 0.0, 1.0, 10.0]",0,True,False,16,81.197,0.7725,rf,0.030588339573568848,0.11529416978678443,0.8
compas,0,42,3,296,1,"[38, 1, 0, 10, 0, 0, 1, 0, 1, 10]",1,0,"[59.7450231292668, 1.0, 0.0, 4.959096639519686, 0.0, 0.0, 1.0, 0.0, 1.0, 10.0]",0,True,False,16,81.684,0.7725,rf,0.03155922424983007,0.11577961212491504,0.8
compas,0,42,3,296,2,"[38, 1, 0, 10, 0, 0, 1, 0, 1, 10]",1,0,"[54.86081742551727, 1.0, 0.0, 1.201120031612718, 0.0, 0.0, 1.0, 0.0, 1.0, 10.0]",0,True,False,16,81.261,0.7725,rf,0.029360852438530295,0.11468042621926515,0.8
compas,0,42,3,296,3,"[38, 1, 0, 10, 0, 0, 1, 0, 1, 10]",1,0,"[60.21545258869143, 1.0, 0.0, 4.571501035324404, 0.0, 0.0, 1.0, 0.0, 1.0, 10.0]",0,True,False,16,81.181,0.7725,rf,0.032520514316738316,0.11626025715836916,0.8
compas,0,42,3,296,4,"[38, 1, 0, 10, 0, 0, 1, 0, 1, 10]",1,0,"[54.645729779761204, 1.0, 0.0, 1.3891689225102617, 0.0, 0.0, 1.0, 0.0, 1.0, 10.0]",0,True,False,16,81.687,0.7725,rf,0.02891050154061316,0.11445525077030659,0.8
compas,0,42,3,305,0,"[21, 1, 0, 0, 1, 0, 1, 0, 1, 8]",1,1,"[58.1659966914156, 1.0, 0.0, 0.0, 1.0, 0.0, 1.0, 0.0, 1.0, 8.0]",0,True,False,16,82.073,0.7725,rf,0.045324386209043416,0.07266219310452171,0.9
compas,0,42,3,305,1,"[21, 1, 0, 0, 1, 0, 1, 0, 1, 8]",1,1,"[54.19526419391059, 1.0, 0.0, 0.0, 1.0, 0.0, 1.0, 0.0, 1.0, 8.0]",0,True,False,16,82.53,0.7725,rf,0.040482029504769014,0.0702410147523845,0.9
compas,0,42,3,305,2,"[21, 1, 0, 0, 1, 0, 1, 0, 1, 8]",1,1,"[54.24142759276605, 1.0, 0.0, 0.0, 1.0, 0.0, 1.0, 0.0, 1.0, 8.0]",0,True,False,16,83.087,0.7725,rf,0.04053832633264153,0.07026916316632077,0.9
compas,0,42,3,305,3,"[21, 1, 0, 0, 1, 0, 1, 0, 1, 8]",1,1,"[59.98039863275095, 1.0, 0.0, 0.0, 1.0, 0.0, 1.0, 0.0, 1.0, 8.0]",0,True,False,16,83.965,0.7725,rf,0.047537071503354816,0.07376853575167741,0.9
compas,0,42,3,305,4,"[21, 1, 0, 0, 1, 0, 1, 0, 1, 8]",1,1,"[53.49849351884213, 1.0, 0.0, 0.0, 1.0, 0.0, 1.0, 0.0, 1.0, 8.0]",0,True,False,16,84.222,0.7725,rf,0.039632309169319674,0.06981615458465984,0.9
compas,0,42,3,309,0,"[26, 1, 0, 13, 0, 0, 1, 0, 1, 1]",1,1,"[59.5124724164408, 1.0, 0.0, 5.0924292816789976, 0.0, 0.0, 1.0, 0.0, 1.0, 1.0]",0,True,False,16,80.649,0.7725,rf,0.048776439518858565,0.12438821975942929,0.8
compas,0,42,3,309,1,"[26, 1, 0, 13, 0, 0, 1, 0, 1, 1]",1,1,"[54.36624120512769, 1.0, 0.0, 1.483186091208602, 0.0, 0.0, 1.0, 0.0, 1.0, 1.0]",0,True,False,16,80.486,0.7725,rf,0.04610979098821542,0.12305489549410771,0.8
compas,0,42,3,309,2,"[26, 1, 0, 13, 0, 0, 1, 0, 1, 1]",1,1,"[57.066394927530226, 1.0, 0.0, 1.4649266131276435, 0.0, 0.0, 1.0, 0.0, 1.0, 1.0]",0,True,False,16,80.896,0.7725,rf,0.049420920859470197,0.1247104604297351,0.8
compas,0,42,3,309,3,"[26, 1, 0, 13, 0, 0, 1, 0, 1, 1]",1,1,"[68.68459584380045, 1.0, 0.0, 8.135157295765863, 0.0, 0.0, 1.0, 0.0, 1.0, 1.0]",0,True,False,16,79.866,0.7725,rf,0.05691922787960055,0.12845961393980027,0.8
compas,0,42,3,309,4,"[26, 1, 0, 13, 0, 0, 1, 0, 1, 1]",1,1,"[53.74854967353647, 1.0, 0.0, 1.4670738527044092, 0.0, 0.0, 1.0, 0.0, 1.0, 1.0]",0,True,False,16,80.349,0.7725,rf,0.04537262087112057,0.12268631043556029,0.8
compas,0,42,3,315,0,"[31, 0, 0, 7, 1, 0, 1, 0, 1, 1]",1,0,"[58.6568064606819, 0.0, 0.0, 0.0, 1.0, 0.0, 1.0, 0.0, 1.0, 1.0]",0,True,False,16,77.0,0.7725,rf,0.040727812756929146,0.12036390637846459,0.8
compas,0,42,3,315,1,"[31, 0, 0, 7, 1, 0, 1, 0, 1, 1]",1,0,"[60.90612109150886, 0.0, 0.0, 1.3588949947749143, 1.0, 0.0, 1.0, 0.0, 1.0, 1.0]",0,True,False,16,77.064,0.7725,rf,0.04211198438511393,0.12105599219255697,0.8
compas,0,42,3,315,2,"[31, 0, 0, 7, 1, 0, 1, 0, 1, 1]",1,0,"[58.21915711571077, 0.0, 0.0, 0.0, 1.0, 0.0, 1.0, 0.0, 1.0, 1.0]",0,True,False,16,76.964,0.7725,rf,0.040194094043549726,0.12009704702177487,0.8
compas,0,42,3,315,3,"[31, 0, 0, 7, 1, 0, 1, 0, 1, 1]",1,0,"[59.30427625964111, 0.0, 0.0, 2.04246879658605, 1.0, 0.0, 1.0, 0.0, 1.0, 1.0]",0,True,False,16,76.887,0.7725,rf,0.03947494127614701,0.11973747063807351,0.8
compas,0,42,3,315,4,"[31, 0, 0, 7, 1, 0, 1, 0, 1, 1]",1,0,"[59.50234077116255, 0.0, 0.0, 1.4700406080110362, 1.0, 0.0, 1.0, 0.0, 1.0, 1.0]",0,True,False,16,76.674,0.7725,rf,0.0402889115519433,0.12014445577597166,0.8
compas,0,42,3,318,0,"[57, 1, 0, 27, 9, 1, 0, 0, 0, 9]",1,1,"[57.0, 1.0, 0.0, 12.98253605420208, 9.0, 1.0, 0.0, 0.0, 0.0, 9.353308082868647]",0,True,False,16,81.698,0.7725,rf,0.014046906286036973,0.10702345314301849,0.8
compas,0,42,3,318,1,"[57, 1, 0, 27, 9, 1, 0, 0, 0, 9]",1,1,"[64.96871116289282, 1.0, 2.0, 27.0, 9.0, 1.0, 0.0, 0.0, 0.0, 9.0]",0,True,False,16,74.014,0.7725,rf,0.10971794044255222,0.15485897022127612,0.8
compas,0,42,3,318,2,"[57, 1, 0, 27, 9, 1, 0, 0, 0, 9]",1,1,"[57.0, 1.0, 0.0, 5.230678591455176, 9.0, 0.0, 0.0, 0.0, 0.0, 9.0]",0,True,False,16,81.345,0.7725,rf,0.12176932140854482,0.16088466070427243,0.8
compas,0,42,3,318,3,"[57, 1, 0, 27, 9, 1, 0, 0, 0, 9]",1,1,"[57.0, 1.0, 0.0, 5.342282067896766, 9.0, 0.0, 0.0, 0.0, 0.0, 9.0]",0,True,False,16,81.106,0.7725,rf,0.12165771793210323,0.16082885896605162,0.8
compas,0,42,3,318,4,"[57, 1, 0, 27, 9, 1, 0, 0, 0, 9]",1,1,"[57.0, 1.0, 0.0, 5.49934383240209, 9.0, 0.0, 0.0, 0.0, 0.0, 9.0]",0,True,False,16,81.383,0.7725,rf,0.12150065616759792,0.16075032808379897,0.8
compas,0,42,3,319,0,"[25, 0, 0, 4, 46, 1, 1, 1, 1, 16]",1,1,"[43.20731530450301, 0.0, 0.0, 3.1060633061618157, 46.0, 1.0, 1.0, 1.0, 1.0, 16.0]",0,True,False,16,73.917,0.7725,rf,0.02309797974811015,0.11154898987405508,0.8
compas,0,42,3,319,1,"[25, 0, 0, 4, 46, 1, 1, 1, 1, 16]",1,1,"[57.6926332775305, 0.0, 0.0, 2.9544295037372157, 46.0, 1.0, 1.0, 1.0, 1.0, 16.0]",0,True,False,16,74.016,0.7725,rf,0.040914635468860955,0.12045731773443048,0.8
compas,0,42,3,319,2,"[25, 0, 0, 4, 46, 1, 1, 1, 1, 16]",1,1,"[54.41296455320094, 0.0, 0.0, 1.1452085092220536, 46.0, 1.0, 1.0, 1.0, 1.0, 16.0]",0,True,False,16,74.01,0.7725,rf,0.038724260458096176,0.1193621302290481,0.8
compas,0,42,3,319,3,"[25, 0, 0, 4, 46, 1, 1, 1, 1, 16]",1,1,"[59.98074521752467, 0.0, 0.0, 2.357929489827934, 46.0, 1.0, 1.0, 1.0, 1.0, 16.0]",0,True,False,16,74.219,0.7725,rf,0.04430151589739728,0.12215075794869865,0.8
compas,0,42,3,319,4,"[25, 0, 0, 4, 46, 1, 1, 1, 1, 16]",1,1,"[61.73788832286331, 0.0, 0.0, 4.0, 46.0, 1.0, 1.0, 1.0, 1.0, 16.0]",0,True,False,16,74.163,0.7725,rf,0.04480230283276014,0.07240115141638007,0.9
compas,0,42,3,321,0,"[38, 1, 0, 6, 205, 0, 1, 1, 1, 202]",1,0,"[38.0, 1.0, 0.0, 2.493551611556735, 205.0, 0.0, 1.0, 1.0, 0.0, 202.0]",0,True,False,16,68.873,0.7725,rf,0.10350644838844328,0.15175322419422166,0.8
compas,0,42,3,321,1,"[38, 1, 0, 6, 205, 0, 1, 1, 1, 202]",1,0,"[38.0, 1.0, 0.0, 2.43227532821873, 205.0, 0.0, 1.0, 1.0, 0.0, 202.0]",0,True,False,16,69.257,0.7725,rf,0.10356772467178128,0.15178386233589064,0.8
compas,0,42,3,321,2,"[38, 1, 0, 6, 205, 0, 1, 1, 1, 202]",1,0,"[38.0, 1.0, 0.0, 2.4061200961652176, 205.0, 0.0, 1.0, 1.0, 0.0, 202.0]",0,True,False,16,69.135,0.7725,rf,0.10359387990383478,0.1517969399519174,0.8
compas,0,42,3,321,3,"[38, 1, 0, 6, 205, 0, 1, 1, 1, 202]",1,0,"[49.07557407113143, 1.0, 0.0, 2.10255100360395, 119.96305652199877, 0.0, 1.0, 1.0, 1.0, 202.0]",0,True,False,16,74.006,0.7725,rf,0.024490658600617405,0.16224532930030872,0.7
compas,0,42,3,321,4,"[38, 1, 0, 6, 205, 0, 1, 1, 1, 202]",1,0,"[38.0, 1.0, 0.0, 2.467177603088583, 205.0, 0.0, 1.0, 1.0, 0.0, 202.0]",0,True,False,16,68.973,0.7725,rf,0.10353282239691142,0.15176641119845571,0.8
compas,0,42,3,322,0,"[37, 1, 0, 24, 1, 0, 0, 0, 0, 19]",1,1,"[56.176524958956875, 1.0, 0.0, 6.351609111992595, 1.0, 0.0, 0.0, 0.0, 0.0, 19.0]",0,True,False,16,82.037,0.7725,rf,0.0410343969355158,0.12051719846775791,0.8
compas,0,42,3,322,1,"[37, 1, 0, 24, 1, 0, 0, 0, 0, 19]",1,1,"[56.39085835496681, 1.0, 0.0, 3.4688611174608446, 1.0, 0.0, 0.0, 0.0, 0.0, 19.0]",0,True,False,16,81.454,0.7725,rf,0.04417852712030356,0.12208926356015179,0.8
compas,0,42,3,322,2,"[37, 1, 0, 24, 1, 0, 0, 0, 0, 19]",1,1,"[56.01970721735012, 1.0, 0.0, 3.4481464225713547, 1.0, 0.0, 0.0, 0.0, 0.0, 19.0]",0,True,False,16,81.539,0.7725,rf,0.04374661847663611,0.12187330923831806,0.8
compas,0,42,3,322,3,"[37, 1, 0, 24, 1, 0, 0, 0, 0, 19]",1,1,"[51.85659752489959, 1.0, 0.0, 3.455382886867789, 1.0, 0.0, 0.0, 0.0, 0.0, 19.0]",0,True,False,16,81.7,0.7725,rf,0.038662418972765865,0.11933120948638294,0.8
compas,0,42,3,322,4,"[37, 1, 0, 24, 1, 0, 0, 0, 0, 19]",1,1,"[55.17953115020284, 1.0, 0.0, 3.450433696207494, 1.0, 0.0, 0.0, 0.0, 0.0, 19.0]",0,True,False,16,80.562,0.7725,rf,0.04271972624306427,0.12135986312153214,0.8
compas,0,42,3,328,0,"[25, 1, 0, 9, 0, 0, 0, 0, 0, 2]",1,1,"[53.78754039418152, 1.0, 0.0, 2.7871836114987074, 0.0, 0.0, 0.0, 0.0, 0.0, 2.0]",0,True,False,16,82.388,0.7725,rf,0.04131957296677144,0.12065978648338573,0.8
compas,0,42,3,328,1,"[25, 1, 0, 9, 0, 0, 0, 0, 0, 2]",1,1,"[53.966369098289064, 1.0, 0.0, 9.0, 0.0, 0.0, 0.0, 0.0, 0.0, 2.8616725366077733]",0,True,False,16,83.165,0.7725,rf,0.035396646408484465,0.11769832320424224,0.8
compas,0,42,3,328,2,"[25, 1, 0, 9, 0, 0, 0, 0, 0, 2]",1,1,"[53.63982229763742, 1.0, 0.0, 1.4968005058334324, 0.0, 0.0, 0.0, 0.0, 0.0, 2.0]",0,True,False,16,82.465,0.7725,rf,0.042429812052260985,0.1212149060261305,0.8
compas,0,42,3,328,3,"[25, 1, 0, 9, 0, 0, 0, 0, 0, 2]",1,1,"[53.59536045808974, 1.0, 0.0, 5.455731089946832, 0.0, 0.0, 0.0, 0.0, 0.0, 2.0]",0,True,False,16,83.148,0.7725,rf,0.038416659712601636,0.11920832985630082,0.8
compas,0,42,3,328,4,"[25, 1, 0, 9, 0, 0, 0, 0, 0, 2]",1,1,"[53.54764092081634, 1.0, 0.0, 1.4943145410729635, 0.0, 0.0, 0.0, 0.0, 0.0, 2.0]",0,True,False,16,80.345,0.7725,rf,0.042319881703825016,0.1211599408519125,0.8
compas,0,42,3,334,0,"[48, 0, 3, 9, 87, 0, 0, 0, 0, 57]",1,0,"[48.0, 0.0, 3.0, 6.349783609062184, 87.0, 0.0, 0.0, 0.0, 0.0, 57.0]",0,True,False,16,74.124,0.7725,rf,0.002650216390937816,0.05132510819546891,0.9
compas,0,42,3,334,1,"[48, 0, 3, 9, 87, 0, 0, 0, 0, 57]",1,0,"[48.0, 0.0, 3.0, 7.048706608257197, 87.0, 0.0, 0.0, 0.0, 0.0, 57.0]",0,True,False,16,74.183,0.7725,rf,0.0019512933917428033,0.0509756466958714,0.9
compas,0,42,3,334,2,"[48, 0, 3, 9, 87, 0, 0, 0, 0, 57]",1,0,"[48.0, 0.0, 3.0, 6.464910094974283, 87.0, 0.0, 0.0, 0.0, 0.0, 57.0]",0,True,False,16,74.255,0.7725,rf,0.0025350899050257166,0.05126754495251286,0.9
compas,0,42,3,334,3,"[48, 0, 3, 9, 87, 0, 0, 0, 0, 57]",1,0,"[48.0, 0.0, 3.0, 6.43948173648222, 87.0, 0.0, 0.0, 0.0, 0.0, 57.0]",0,True,False,16,74.313,0.7725,rf,0.00256051826351778,0.05128025913175889,0.9
compas,0,42,3,334,4,"[48, 0, 3, 9, 87, 0, 0, 0, 0, 57]",1,0,"[48.0, 0.0, 3.0, 7.273715804465484, 87.0, 0.0, 0.0, 0.0, 0.0, 57.0]",0,True,False,16,74.144,0.7725,rf,0.0017262841955345163,0.05086314209776726,0.9
compas,0,42,3,336,0,"[25, 1, 0, 5, 118, 0, 0, 0, 0, 85]",1,1,"[56.605972121516935, 1.0, 0.0, 1.4886524774970082, 118.0, 0.0, 0.0, 0.0, 0.0, 85.0]",0,True,False,16,74.912,0.7725,rf,0.0420552159633773,0.12102760798168866,0.8
compas,0,42,3,336,1,"[25, 1, 0, 5, 118, 0, 0, 0, 0, 85]",1,1,"[59.713610536658834, 1.0, 0.0, 2.4863337364575133, 118.0, 0.0, 0.0, 0.0, 0.0, 85.0]",0,True,False,16,74.907,0.7725,rf,0.0448473376497118,0.1224236688248559,0.8
compas,0,42,3,336,2,"[25, 1, 0, 5, 118, 0, 0, 0, 0, 85]",1,1,"[59.65288054208042, 1.0, 0.0, 2.4626414549511146, 118.0, 0.0, 0.0, 0.0, 0.0, 85.0]",0,True,False,16,74.831,0.7725,rf,0.04479696896222013,0.12239848448111007,0.8
compas,0,42,3,336,3,"[25, 1, 0, 5, 118, 0, 0, 0, 0, 85]",1,1,"[60.14089586939991, 1.0, 0.0, 2.47899988585523, 118.0, 0.0, 0.0, 0.0, 0.0, 85.0]",0,True,False,16,74.918,0.7725,rf,0.04537575117438857,0.1226878755871943,0.8
compas,0,42,3,336,4,"[25, 1, 0, 5, 118, 0, 0, 0, 0, 85]",1,1,"[54.762145808828606, 1.0, 0.0, 1.4872127265525181, 118.0, 0.0, 0.0, 0.0, 0.0, 85.0]",0,True,False,16,74.836,0.7725,rf,0.039808087040311635,0.11990404352015582,0.8
compas,0,42,3,343,0,"[47, 1, 0, 23, 1, 0, 1, 0, 1, 403]",1,1,"[53.62157058121737, 1.0, 0.0, 1.0980205865307653, 1.0, 0.0, 1.0, 0.0, 1.0, 403.0]",0,True,False,16,75.482,0.7725,rf,0.029977065488124566,0.11498853274406229,0.8
compas,0,42,3,343,1,"[47, 1, 0, 23, 1, 0, 1, 0, 1, 403]",1,1,"[57.61385316723249, 1.0, 0.0, 2.954035822724177, 1.0, 0.0, 1.0, 0.0, 1.0, 403.0]",0,True,False,16,75.683,0.7725,rf,0.0329896875519496,0.1164948437759748,0.8
compas,0,42,3,343,2,"[47, 1, 0, 23, 1, 0, 1, 0, 1, 403]",1,1,"[51.94040439058185, 1.0, 0.0, 1.0599543938201617, 1.0, 0.0, 1.0, 0.0, 1.0, 403.0]",0,True,False,16,75.426,0.7725,rf,0.027964929009328433,0.11398246450466422,0.8
compas,0,42,3,343,3,"[47, 1, 0, 23, 1, 0, 1, 0, 1, 403]",1,1,"[52.546806044757254, 1.0, 0.0, 0.0, 1.0, 0.0, 1.0, 0.0, 1.0, 403.0]",0,True,False,16,75.505,0.7725,rf,0.029764397615557627,0.11488219880777882,0.8
compas,0,42,3,343,4,"[47, 1, 0, 23, 1, 0, 1, 0, 1, 403]",1,1,"[63.80436019396441, 1.0, 0.0, 1.3123961162841975, 1.0, 0.0, 1.0, 0.0, 1.0, 403.0]",0,True,False,16,74.35,0.7725,rf,0.042180726071477284,0.12109036303573864,0.8
compas,0,42,3,348,0,"[24, 1, 3, 11, 15, 0, 1, 1, 1, 0]",1,1,"[24.0, 1.0, 3.0, 6.035258877741994, 15.0, 0.0, 1.0, 1.0, 1.0, 0.0]",0,True,False,16,77.907,0.7725,rf,0.004964741122258006,0.052482370561129005,0.9
compas,0,42,3,348,1,"[24, 1, 3, 11, 15, 0, 1, 1, 1, 0]",1,1,"[24.0, 1.0, 3.0, 5.384677522829792, 15.0, 0.0, 1.0, 1.0, 1.0, 0.0]",0,True,False,16,77.774,0.7725,rf,0.005615322477170209,0.05280766123858511,0.9
compas,0,42,3,348,2,"[24, 1, 3, 11, 15, 0, 1, 1, 1, 0]",1,1,"[24.0, 1.0, 3.0, 5.618839547664028, 15.0, 0.0, 1.0, 1.0, 1.0, 0.0]",0,True,False,16,77.405,0.7725,rf,0.005381160452335972,0.05269058022616799,0.9
compas,0,42,3,348,3,"[24, 1, 3, 11, 15, 0, 1, 1, 1, 0]",1,1,"[54.853571007198475, 1.0, 3.0, 6.537979676973804, 15.0, 0.0, 1.0, 1.0, 1.0, 0.0]",0,True,False,16,75.663,0.7725,rf,0.0420883264293658,0.1210441632146829,0.8
compas,0,42,3,348,4,"[24, 1, 3, 11, 15, 0, 1, 1, 1, 0]",1,1,"[24.0, 1.0, 3.0, 5.996867161823195, 15.0, 0.0, 1.0, 1.0, 1.0, 0.0]",0,True,False,16,76.08,0.7725,rf,0.005003132838176806,0.0525015664190884,0.9
compas,0,42,3,349,0,"[26, 1, 0, 8, 85, 1, 1, 1, 1, 84]",1,1,"[54.45638298377651, 1.0, 0.0, 0.0, 85.0, 1.0, 1.0, 1.0, 1.0, 84.0]",0,True,False,16,72.815,0.7725,rf,0.042702906077776236,0.12135145303888813,0.8
compas,0,42,3,349,1,"[26, 1, 0, 8, 85, 1, 1, 1, 1, 84]",1,1,"[53.48348341392909, 1.0, 0.0, 0.0, 85.0, 1.0, 1.0, 1.0, 1.0, 84.0]",0,True,False,16,72.361,0.7725,rf,0.04151644318771841,0.12075822159385921,0.8
compas,0,42,3,349,2,"[26, 1, 0, 8, 85, 1, 1, 1, 1, 84]",1,1,"[58.08703672073706, 1.0, 0.0, 0.0, 85.0, 1.0, 1.0, 1.0, 1.0, 84.0]",0,True,False,16,72.322,0.7725,rf,0.04713053258626471,0.12356526629313236,0.8
compas,0,42,3,349,3,"[26, 1, 0, 8, 85, 1, 1, 1, 1, 84]",1,1,"[52.8380915464619, 1.0, 0.0, 2.5484880993758035, 85.0, 1.0, 1.0, 1.0, 1.0, 84.0]",0,True,False,16,72.483,0.7725,rf,0.038180891835333824,0.11909044591766692,0.8
compas,0,42,3,349,4,"[26, 1, 0, 8, 85, 1, 1, 1, 1, 84]",1,1,"[54.045609814853044, 1.0, 0.0, 0.0, 85.0, 1.0, 1.0, 1.0, 1.0, 84.0]",0,True,False,16,72.241,0.7725,rf,0.04220196318884518,0.12110098159442259,0.8
compas,0,42,3,357,0,"[33, 1, 0, 10, 0, 0, 1, 0, 1, 2]",1,1,"[59.7228910607609, 1.0, 0.0, 3.9331572690202266, 0.0, 0.0, 1.0, 0.0, 1.0, 2.0]",0,True,False,16,81.266,0.7725,rf,0.03865573426849307,0.11932786713424653,0.8
compas,0,42,3,357,1,"[33, 1, 0, 10, 0, 0, 1, 0, 1, 2]",1,1,"[57.225789285964545, 1.0, 0.0, 1.3716680008882098, 0.0, 0.0, 1.0, 0.0, 1.0, 2.0]",0,True,False,16,81.077,0.7725,rf,0.03817197746980026,0.11908598873490013,0.8
compas,0,42,3,357,2,"[33, 1, 0, 10, 0, 0, 1, 0, 1, 2]",1,1,"[60.879566591131855, 1.0, 0.0, 10.0, 0.0, 0.0, 1.0, 0.0, 0.0, 2.0]",0,True,False,16,76.637,0.7725,rf,0.13399947145259983,0.16699973572629992,0.8
compas,0,42,3,357,3,"[33, 1, 0, 10, 0, 0, 1, 0, 1, 2]",1,1,"[58.05052084457675, 1.0, 0.0, 1.39012597339635, 0.0, 0.0, 1.0, 0.0, 1.0, 2.0]",0,True,False,16,81.286,0.7725,rf,0.039159289690721646,0.11957964484536082,0.8
compas,0,42,3,357,4,"[33, 1, 0, 10, 0, 0, 1, 0, 1, 2]",1,1,"[53.70205617638568, 1.0, 0.0, 1.1964510183942476, 0.0, 0.0, 1.0, 0.0, 1.0, 2.0]",0,True,False,16,74.882,0.7725,rf,0.0340499589528078,0.1170249794764039,0.8
compas,0,42,3,360,0,"[31, 1, 0, 2, 43, 0, 1, 0, 1, 43]",1,0,"[55.73178597250775, 1.0, 0.0, 0.055868057584190556, 43.0, 0.0, 1.0, 0.0, 1.0, 43.0]",0,True,False,16,78.626,0.7725,rf,0.03210484654303502,0.11605242327151752,0.8
compas,0,42,3,360,1,"[31, 1, 0, 2, 43, 0, 1, 0, 1, 43]",1,0,"[59.280448614330396, 1.0, 0.0, 1.716355767202432, 43.0, 0.0, 1.0, 0.0, 1.0, 43.0]",0,True,False,16,78.61,0.7725,rf,0.034771996201493176,0.1173859981007466,0.8
compas,0,42,3,360,2,"[31, 1, 0, 2, 43, 0, 1, 0, 1, 43]",1,0,"[55.5119101800731, 1.0, 0.0, 2.363642375313307, 43.0, 0.0, 1.0, 0.0, 1.0, 43.0]",0,True,False,16,78.538,0.7725,rf,0.030256215765646355,0.11512810788282318,0.8
compas,0,42,3,360,3,"[31, 1, 0, 2, 43, 0, 1, 0, 1, 43]",1,0,"[54.33534536916487, 1.0, 0.0, 1.4167889649095629, 43.0, 0.0, 1.0, 0.0, 1.0, 43.0]",0,True,False,16,78.662,0.7725,rf,0.029040949290169545,0.11452047464508477,0.8
compas,0,42,3,360,4,"[31, 1, 0, 2, 43, 0, 1, 0, 1, 43]",1,0,"[57.540199837677314, 1.0, 0.0, 0.0, 43.0, 0.0, 1.0, 0.0, 1.0, 43.0]",0,True,False,16,68.789,0.7725,rf,0.03436609736302112,0.11718304868151057,0.8
compas,0,42,3,365,0,"[29, 1, 0, 10, 1, 1, 1, 0, 1, 108]",1,1,"[42.71865550449248, 1.0, 0.0, 5.9712002216155105, 1.0, 1.0, 1.0, 0.0, 0.0, 108.0]",0,True,False,16,75.551,0.7725,rf,0.12075886746678997,0.21037943373339502,0.7
compas,0,42,3,365,1,"[29, 1, 0, 10, 1, 1, 1, 0, 1, 108]",1,1,"[41.8065809042848, 1.0, 0.0, 6.466347944211249, 1.0, 1.0, 1.0, 0.0, 0.0, 108.0]",0,True,False,16,75.571,0.7725,rf,0.11915143364637998,0.20957571682319,0.7
compas,0,42,3,365,2,"[29, 1, 0, 10, 1, 1, 1, 0, 1, 108]",1,1,"[48.81016748815234, 1.0, 0.0, 1.2694070950539815, 1.0, 1.0, 1.0, 0.0, 0.0, 108.0]",0,True,False,16,75.275,0.7725,rf,0.1328893337441562,0.21644466687207814,0.7
compas,0,42,3,365,3,"[29, 1, 0, 10, 1, 1, 1, 0, 1, 108]",1,1,"[40.97421073906497, 1.0, 0.0, 6.292117011625783, 1.0, 1.0, 1.0, 0.0, 0.0, 108.0]",0,True,False,16,75.801,0.7725,rf,0.11831057901162419,0.2091552895058121,0.7
compas,0,42,3,365,4,"[29, 1, 0, 10, 1, 1, 1, 0, 1, 108]",1,1,"[47.80964074826133, 1.0, 0.0, 5.742620874576682, 1.0, 1.0, 1.0, 0.0, 0.0, 108.0]",0,True,False,16,67.771,0.7725,rf,0.1271959654037908,0.21359798270189542,0.7
compas,0,42,3,374,0,"[30, 1, 0, 14, 1, 0, 1, 0, 1, 2]",1,1,"[53.932272119568985, 1.0, 0.0, 1.2568409765568527, 1.0, 0.0, 1.0, 0.0, 1.0, 2.0]",0,True,False,16,78.775,0.7725,rf,0.0419288567302346,0.12096442836511731,0.8
compas,0,42,3,374,1,"[30, 1, 0, 14, 1, 0, 1, 0, 1, 2]",1,1,"[57.21630225260412, 1.0, 0.0, 3.335763020189833, 1.0, 0.0, 1.0, 0.0, 1.0, 2.0]",0,True,False,16,67.393,0.7725,rf,0.04385484948298593,0.12192742474149297,0.8
compas,0,42,3,374,2,"[30, 1, 0, 14, 1, 0, 1, 0, 1, 2]",1,1,"[57.655438639764746, 1.0, 0.0, 1.619081979743617, 1.0, 0.0, 1.0, 0.0, 1.0, 2.0]",0,True,False,16,67.464,0.7725,rf,0.04610706270289632,0.12305353135144817,0.8
compas,0,42,3,374,3,"[30, 1, 0, 14, 1, 0, 1, 0, 1, 2]",1,1,"[57.87731061347947, 1.0, 0.0, 3.275275214216458, 1.0, 0.0, 1.0, 0.0, 1.0, 2.0]",0,True,False,16,66.939,0.7725,rf,0.04472144504612436,0.12236072252306218,0.8
compas,0,42,3,374,4,"[30, 1, 0, 14, 1, 0, 1, 0, 1, 2]",1,1,"[56.75609379425301, 1.0, 0.0, 0.0, 1.0, 0.0, 1.0, 0.0, 1.0, 2.0]",0,True,False,16,65.63,0.7725,rf,0.04662938267591831,0.12331469133795916,0.8
compas,0,42,3,376,0,"[37, 1, 0, 12, 74, 0, 0, 0, 0, 25]",1,0,"[54.53334210083594, 1.0, 0.0, 1.9395000066615737, 74.0, 0.0, 0.0, 0.0, 0.0, 25.0]",0,True,False,16,76.073,0.7725,rf,0.03144262450655299,0.1157213122532765,0.8
compas,0,42,3,376,1,"[37, 1, 0, 12, 74, 0, 0, 0, 0, 25]",1,0,"[53.62254318617979, 1.0, 0.0, 3.199833024224347, 74.0, 0.0, 0.0, 0.0, 0.0, 25.0]",0,True,False,16,65.985,0.7725,rf,0.0290715611052632,0.11453578055263161,0.8
compas,0,42,3,376,2,"[37, 1, 0, 12, 74, 0, 0, 0, 0, 25]",1,0,"[53.07363759068671, 1.0, 0.0, 2.11564513938887, 74.0, 0.0, 0.0, 0.0, 0.0, 25.0]",0,True,False,16,66.061,0.7725,rf,0.029486351922424187,0.1147431759612121,0.8
compas,0,42,3,376,3,"[37, 1, 0, 12, 74, 0, 0, 0, 0, 25]",1,0,"[54.04335297419647, 1.0, 0.0, 3.0185175971294473, 74.0, 0.0, 0.0, 0.0, 0.0, 25.0]",0,True,False,16,65.646,0.7725,rf,0.02976605920067113,0.11488302960033557,0.8
compas,0,42,3,376,4,"[37, 1, 0, 12, 74, 0, 0, 0, 0, 25]",1,0,"[57.26534545321283, 1.0, 0.0, 3.4801822216722873, 74.0, 0.0, 0.0, 0.0, 0.0, 25.0]",0,True,False,16,64.603,0.7725,rf,0.033233653696879945,0.11661682684843998,0.8
compas,0,42,3,377,0,"[32, 1, 0, 8, 1, 0, 0, 0, 0, 4]",1,0,"[51.857565606020124, 1.0, 0.0, 3.3744691778746025, 1.0, 0.0, 0.0, 0.0, 0.0, 4.0]",0,True,False,16,76.495,0.7725,rf,0.028842074244101158,0.11442103712205058,0.8
compas,0,42,3,377,1,"[32, 1, 0, 8, 1, 0, 0, 0, 0, 4]",1,0,"[52.52134380542968, 1.0, 0.0, 3.358276508165767, 1.0, 0.0, 0.0, 0.0, 0.0, 4.0]",0,True,False,16,68.802,0.7725,rf,0.029667752522846036,0.11483387626142302,0.8
compas,0,42,3,377,2,"[32, 1, 0, 8, 1, 0, 0, 0, 0, 4]",1,0,"[53.01591912237939, 1.0, 0.0, 5.303483567802184, 1.0, 0.0, 0.0, 0.0, 0.0, 4.0]",0,True,False,16,69.45,0.7725,rf,0.028325686093636095,0.11416284304681805,0.8
compas,0,42,3,377,3,"[32, 1, 0, 8, 1, 0, 0, 0, 0, 4]",1,0,"[51.564159039939796, 1.0, 0.0, 3.4375709081787886, 1.0, 0.0, 0.0, 0.0, 0.0, 4.0]",0,True,False,16,69.054,0.7725,rf,0.02842115962833316,0.11421057981416659,0.8
compas,0,42,3,377,4,"[32, 1, 0, 8, 1, 0, 0, 0, 0, 4]",1,0,"[53.47268891053656, 1.0, 0.0, 3.482259229147075, 1.0, 0.0, 0.0, 0.0, 0.0, 4.0]",0,True,False,16,61.13,0.7725,rf,0.030703946759312147,0.11535197337965608,0.8
compas,0,42,3,381,0,"[26, 1, 0, 13, 1, 1, 1, 0, 1, 1]",1,1,"[49.357527267831344, 1.0, 0.0, 0.868245445252494, 1.0, 1.0, 1.0, 0.0, 0.0, 1.0]",0,True,False,16,70.903,0.7725,rf,0.14061654390576137,0.22030827195288072,0.7
compas,0,42,3,381,1,"[26, 1, 0, 13, 1, 1, 1, 0, 1, 1]",1,1,"[42.83208190192531, 1.0, 0.0, 6.199847836471525, 1.0, 1.0, 1.0, 0.0, 0.0, 1.0]",0,True,False,16,65.094,0.7725,rf,0.12732708131221787,0.21366354065610896,0.7
compas,0,42,3,381,2,"[26, 1, 0, 13, 1, 1, 1, 0, 1, 1]",1,1,"[49.367152418418264, 1.0, 0.0, 5.743662305115466, 1.0, 1.0, 1.0, 0.0, 0.0, 1.0]",0,True,False,16,65.382,0.7725,rf,0.135752865034419,0.2178764325172095,0.7
compas,0,42,3,381,3,"[26, 1, 0, 13, 1, 1, 1, 0, 1, 1]",1,1,"[39.15480418436922, 1.0, 0.0, 1.3618634159113712, 1.0, 1.0, 1.0, 0.0, 0.0, 1.0]",0,True,False,16,65.405,0.7725,rf,0.12768058071136817,0.2138402903556841,0.7
compas,0,42,3,381,4,"[26, 1, 0, 13, 1, 1, 1, 0, 1, 1]",1,1,"[46.956930001594095, 1.0, 0.0, 5.452080591759803, 1.0, 1.0, 1.0, 0.0, 0.0, 1.0]",0,True,False,16,59.04,0.7725,rf,0.1331051511175013,0.21655257555875068,0.7
compas,0,42,3,399,0,"[34, 1, 0, 4, 378, 0, 1, 1, 1, 530]",1,0,"[40.47532411124526, 1.0, 0.0, 1.4514681094786126, 378.0, 0.0, 1.0, 1.0, 0.0, 530.0]",0,True,False,16,60.825,0.7725,rf,0.1104452686115522,0.2052226343057761,0.7
compas,0,42,3,399,1,"[34, 1, 0, 4, 378, 0, 1, 1, 1, 530]",1,0,"[38.36014289480228, 1.0, 0.0, 1.4278312025977429, 378.0, 0.0, 1.0, 1.0, 0.0, 530.0]",0,True,False,16,56.557,0.7725,rf,0.10788941623008796,0.203944708115044,0.7
compas,0,42,3,399,2,"[34, 1, 0, 4, 378, 0, 1, 1, 1, 530]",1,0,"[37.80309335021811, 1.0, 0.0, 1.4465636432139939, 378.0, 0.0, 1.0, 1.0, 0.0, 530.0]",0,True,False,16,57.946,0.7725,rf,0.10719135507656419,0.20359567753828212,0.7
compas,0,42,3,399,3,"[34, 1, 0, 4, 378, 0, 1, 1, 1, 530]",1,0,"[38.210151970279625, 1.0, 0.0, 1.4907206491517528, 378.0, 0.0, 1.0, 1.0, 0.0, 530.0]",0,True,False,16,56.644,0.7725,rf,0.10764361102192098,0.20382180551096052,0.7
compas,0,42,3,399,4,"[34, 1, 0, 4, 378, 0, 1, 1, 1, 530]",1,0,"[60.110477755394975, 1.0, 0.0, 4.0, 53.88646003402491, 0.0, 1.0, 1.0, 1.0, 530.0]",0,True,False,16,62.721,0.7725,rf,0.058851507706995855,0.12942575385349794,0.8
